 0 F 432 12
 0 a 220  6
 0 b 370 10
 0 d 160  6
 0 g 307 10
 1 F 192  6
 1 a 100  3
 1 b 164  5
 1 d 100  3
 1 L 226  7
 1 R 226  7
 2 F  96  4
 2 G  90  4
 2 H  90  4
 3 F 112  4
 3 I 104  4
 3 J 104  4
 4 F 120  4
 4 C 114  4
 4 D 114  4
 5 F 128  4
 5 A 124  4
 5 B 124  4
 6 F 192  8
 6 C 186  8
 6 D 186  8
 7 F 208  8
 7 C 202  8
 7 D 202  8
 8 f 272 10
 8 C 274 10
 8 D 274 10
 8 c 266 10
 8 d 266 10
 9 f 280 10
 9 A 284 10
 9 B 284 10
 9 a 276 10
 9 b 276 10
10 f 328 12
10 A 332 12
10 B 332 12
11 F 320 12
11 f 312 12
