#  2020-05-05
#  Namespace(allceh=False, lumi=3000, permm2=False, radscen=3, sipmscen=9, tiledimensions=False, unitysignal=False)
#layer,ring,center[mm],area[cm2],mipsig,sipm_noise,S/N,power[mW],fluence,dose[kRad],inner,outer,sipm_area,nring,tilepattern1,tilepattern2,tilepattern3,tilepattern4,material
37 18 1554.19 11.62 54.8 14.5  3.79 10.58 4.0e+13 155.7 1537.05 1571.33 4.0 576 FFFFFF FFFFFF FFFFFF FFFFFF c
37 19 1588.47 11.62 56.0 13.7  4.08  9.53 3.6e+13 140.7 1571.33 1605.60 4.0 576 FFFFFF FFFFFF FFFFFF FFFFFF c
37 20 1623.51 12.68 54.7 13.0  4.19  8.61 3.2e+13 127.5 1605.60 1641.41 4.0 576 FFFFFF FFFFFF FFFFFF FFFFFF c
37 21 1659.32 12.68 55.7 12.4  4.48  7.80 2.9e+13 116.3 1641.41 1677.22 4.0 576 FFFFFF FFFFFF FFFFFF FFFFFF c
37 22 1695.92 13.84 54.2 11.9  4.57  7.11 2.7e+13 107.3 1677.22 1714.62 4.0 576 FFFFFF FFFFFF FFFFFF FFFFFF c
37 23 1733.33 13.84 54.8 11.3  4.83  6.51 2.4e+13 100.7 1714.62 1752.03 4.0 576 FFFFFF FFFFFF FFFFFF FFFFFF c
37 24 1771.56 15.10 52.8 10.9  4.85  6.00 2.2e+13  96.8 1752.03 1791.10 4.0 576 FFFFFF FFFFFF FFFFFF FFFFFF c
37 25 1810.64 15.10 52.9 10.5  5.04  5.58 2.1e+13  96.0 1791.10 1830.17 4.0 576 FFFFFF FFFFFF FFFFFF FFFFFF c
37 26 1850.58 16.48 50.4 10.2  4.95  5.24 2.0e+13  99.2 1830.17 1870.99 4.0 576 7FFFFE 7FFFFE 7FFFFE 7FFFFE c
37 27 1891.40 16.48 49.6  9.9  5.00  4.97 1.9e+13 108.3 1870.99 1911.80 4.0 576 7FFFFE 7FFFFE 7FFFFE 7FFFFE c
37 28 1933.12 17.98 46.0  9.7  4.73  4.79 1.8e+13 126.5 1911.80 1954.44 4.0 576 3FFFFC 3FFFFC 3FFFFC 3FFFFC c
37 29 1975.76 17.98 43.7  9.6  4.54  4.69 1.8e+13 161.0 1954.44 1997.08 4.0 576 3FFFFC 3FFFFC 3FFFFC 3FFFFC c
# 
38 18 1554.19 11.62 57.9 13.4  4.32  9.06 3.4e+13 119.9 1537.05 1571.33 4.0 576 FFFFFF FFFFFF FFFFFF FFFFFF c
38 19 1588.47 11.62 58.8 12.7  4.62  8.20 3.1e+13 110.3 1571.33 1605.60 4.0 576 FFFFFF FFFFFF FFFFFF FFFFFF c
38 20 1623.51 12.68 57.1 12.1  4.71  7.44 2.8e+13 102.0 1605.60 1641.41 4.0 576 FFFFFF FFFFFF FFFFFF FFFFFF c
38 21 1659.32 12.68 57.9 11.6  5.00  6.77 2.5e+13  94.8 1641.41 1677.22 4.0 576 FFFFFF FFFFFF FFFFFF FFFFFF c
38 22 1695.92 13.84 56.0 11.1  5.06  6.19 2.3e+13  88.8 1677.22 1714.62 4.0 576 FFFFFF FFFFFF FFFFFF FFFFFF c
38 23 1733.33 13.84 56.5 10.6  5.33  5.69 2.1e+13  83.9 1714.62 1752.03 4.0 576 FFFFFF FFFFFF FFFFFF FFFFFF c
38 24 1771.56 15.10 54.5 10.2  5.35  5.26 2.0e+13  80.1 1752.03 1791.10 4.0 576 FFFFFF FFFFFF FFFFFF FFFFFF c
38 25 1810.64 15.10 54.8  9.8  5.57  4.89 1.8e+13  77.5 1791.10 1830.17 4.0 576 FFFFFF FFFFFF FFFFFF FFFFFF c
38 26 1850.58 16.48 52.6  9.5  5.53  4.59 1.7e+13  76.0 1830.17 1870.99 4.0 576 FFFFFF FFFFFF FFFFFF FFFFFF c
38 27 1891.40 16.48 52.7  9.3  5.68  4.34 1.6e+13  75.9 1870.99 1911.80 4.0 576 FFFFFF FFFFFF FFFFFF FFFFFF c
38 28 1933.12 17.98 50.3  9.1  5.55  4.15 1.6e+13  77.3 1911.80 1954.44 4.0 576 3FFFFC 3FFFFC 3FFFFC 3FFFFC c
38 29 1975.76 17.98 49.9  8.9  5.60  4.01 1.5e+13  80.6 1954.44 1997.08 4.0 576 3FFFFC 3FFFFC 3FFFFC 3FFFFC c
38 30 2019.34 19.62 47.3  8.8  5.36  3.93 1.5e+13  86.3 1997.08 2041.61 4.0 576 3FFFFC 3FFFFC 3FFFFC 3FFFFC c
38 31 2063.88 19.62 46.5  8.8  5.28  3.92 1.5e+13  95.4 2041.61 2086.15 4.0 576 3FFFFC 3FFFFC 3FFFFC 3FFFFC c
# 
39 18 1554.19 11.62 59.7 12.5  4.79  7.88 2.9e+13 101.1 1537.05 1571.33 4.0 576 FFFFFF FFFFFF FFFFFF FFFFFF c
39 19 1588.47 11.62 60.8 11.9  5.11  7.15 2.7e+13  91.9 1571.33 1605.60 4.0 576 FFFFFF FFFFFF FFFFFF FFFFFF c
39 20 1623.51 12.68 59.1 11.3  5.21  6.50 2.4e+13  83.9 1605.60 1641.41 4.0 576 FFFFFF FFFFFF FFFFFF FFFFFF c
39 21 1659.32 12.68 59.9 10.8  5.53  5.93 2.2e+13  77.1 1641.41 1677.22 4.0 576 FFFFFF FFFFFF FFFFFF FFFFFF c
39 22 1695.92 13.84 58.0 10.4  5.60  5.43 2.0e+13  71.4 1677.22 1714.62 4.0 576 FFFFFF FFFFFF FFFFFF FFFFFF c
39 23 1733.33 13.84 58.6  9.9  5.89  4.99 1.9e+13  66.8 1714.62 1752.03 4.0 576 FFFFFF FFFFFF FFFFFF FFFFFF c
39 24 1771.56 15.10 56.5  9.6  5.92  4.62 1.7e+13  63.2 1752.03 1791.10 4.0 576 FFFFFF FFFFFF FFFFFF FFFFFF c
39 25 1810.64 15.10 56.9  9.2  6.17  4.29 1.6e+13  60.7 1791.10 1830.17 4.0 576 FFFFFF FFFFFF FFFFFF FFFFFF c
39 26 1850.58 16.48 54.6  8.9  6.13  4.02 1.5e+13  59.1 1830.17 1870.99 4.0 576 FFFFFF FFFFFF FFFFFF FFFFFF c
39 27 1891.40 16.48 54.7  8.7  6.31  3.79 1.4e+13  58.7 1870.99 1911.80 4.0 576 FFFFFF FFFFFF FFFFFF FFFFFF c
39 28 1933.12 17.98 52.3  8.4  6.18  3.61 1.4e+13  59.4 1911.80 1954.44 4.0 576 FFFFFF FFFFFF FFFFFF FFFFFF c
39 29 1975.76 17.98 52.0  8.3  6.28  3.47 1.3e+13  61.6 1954.44 1997.08 4.0 576 FFFFFF FFFFFF FFFFFF FFFFFF c
39 30 2019.34 19.62 49.3  8.2  6.04  3.37 1.3e+13  65.6 1997.08 2041.61 4.0 576 3FFFFC 3FFFFC 3FFFFC 3FFFFC c
39 31 2063.88 19.62 48.7  8.1  6.02  3.31 1.2e+13  72.0 2041.61 2086.15 4.0 576 3FFFFC 3FFFFC 3FFFFC 3FFFFC c
39 32 2109.41 21.41 45.7  8.1  5.66  3.29 1.2e+13  81.7 2086.15 2132.67 4.0 576 3FFFFC 3FFFFC 3FFFFC 3FFFFC c
# 
40 18 1554.19 11.62 57.6 11.7  4.94  6.87 2.6e+13 122.8 1537.05 1571.33 4.0 576 FFFFFF FFFFFF FFFFFF FFFFFF c
40 19 1588.47 11.62 58.7 11.1  5.27  6.25 2.3e+13 111.8 1571.33 1605.60 4.0 576 FFFFFF FFFFFF FFFFFF FFFFFF c
40 20 1623.51 12.68 57.1 10.6  5.37  5.70 2.1e+13 102.5 1605.60 1641.41 4.0 576 FFFFFF FFFFFF FFFFFF FFFFFF c
40 21 1659.32 12.68 57.9 10.2  5.69  5.22 2.0e+13  94.8 1641.41 1677.22 4.0 576 FFFFFF FFFFFF FFFFFF FFFFFF c
40 22 1695.92 13.84 56.0  9.7  5.75  4.80 1.8e+13  88.5 1677.22 1714.62 4.0 576 FFFFFF FFFFFF FFFFFF FFFFFF c
40 23 1733.33 13.84 56.6  9.4  6.05  4.43 1.7e+13  83.5 1714.62 1752.03 4.0 576 FFFFFF FFFFFF FFFFFF FFFFFF c
40 24 1771.56 15.10 54.6  9.0  6.06  4.10 1.5e+13  79.5 1752.03 1791.10 4.0 576 FFFFFF FFFFFF FFFFFF FFFFFF c
40 25 1810.64 15.10 54.9  8.7  6.32  3.82 1.4e+13  76.5 1791.10 1830.17 4.0 576 FFFFFF FFFFFF FFFFFF FFFFFF c
40 26 1850.58 16.48 52.8  8.4  6.29  3.57 1.3e+13  74.4 1830.17 1870.99 4.0 576 FFFFFF FFFFFF FFFFFF FFFFFF c
40 27 1891.40 16.48 53.0  8.1  6.50  3.36 1.3e+13  72.9 1870.99 1911.80 4.0 576 FFFFFF FFFFFF FFFFFF FFFFFF c
40 28 1933.12 17.98 50.8  7.9  6.41  3.17 1.2e+13  72.0 1911.80 1954.44 4.0 576 FFFFFF FFFFFF FFFFFF FFFFFF c
40 29 1975.76 17.98 50.9  7.7  6.58  3.02 1.1e+13  71.5 1954.44 1997.08 4.0 576 FFFFFF FFFFFF FFFFFF FFFFFF c
40 30 2019.34 19.62 48.7  7.6  6.45  2.89 1.1e+13  71.1 1997.08 2041.61 4.0 576 FFFFFF FFFFFF FFFFFF FFFFFF c
40 31 2063.88 19.62 48.8  7.4  6.58  2.78 1.0e+13  70.6 2041.61 2086.15 4.0 576 FFFFFF FFFFFF FFFFFF FFFFFF c
40 32 2109.41 21.41 46.8  7.3  6.41  2.69 1.0e+13  69.5 2086.15 2132.67 4.0 576 3FFFFC 3FFFFC 3FFFFC 3FFFFC c
40 33 2155.94 21.41 47.0  7.2  6.52  2.63 9.8e+12  67.6 2132.67 2179.20 4.0 576 3FFFFC 3FFFFC 3FFFFC 3FFFFC c
#40 34 2203.50 23.36 45.3  7.1  6.35  2.58 9.6e+12  64.2 2179.20 2227.80 4.0 576 3FFFFC 3FFFFC 3FFFFC 3FFFFC c
# 
41 13 1393.56  8.95 67.5 13.6  4.97  9.32 3.5e+13 106.2 1378.52 1408.59 4.0 576 FFFFFF FFFFFF FFFFFF FFFFFF c
41 14 1424.30  9.76 65.9 12.9  5.11  8.43 3.2e+13  95.0 1408.59 1440.00 4.0 576 FFFFFF FFFFFF FFFFFF FFFFFF c
41 15 1455.71  9.76 67.2 12.3  5.47  7.63 2.9e+13  85.2 1440.00 1471.42 4.0 576 FFFFFF FFFFFF FFFFFF FFFFFF c
41 16 1487.83 10.65 65.4 11.7  5.59  6.93 2.6e+13  76.5 1471.42 1504.23 4.0 576 FFFFFF FFFFFF FFFFFF FFFFFF c
41 17 1520.64 10.65 66.5 11.2  5.95  6.30 2.4e+13  69.0 1504.23 1537.05 4.0 576 FFFFFF FFFFFF FFFFFF FFFFFF c
41 18 1554.19 11.62 64.5 10.7  6.06  5.74 2.1e+13  62.6 1537.05 1571.33 4.0 576 FFFFFF FFFFFF FFFFFF FFFFFF c
41 19 1588.47 11.62 65.4 10.2  6.42  5.25 2.0e+13  57.0 1571.33 1605.60 4.0 576 FFFFFF FFFFFF FFFFFF FFFFFF c
41 20 1623.51 12.68 63.3  9.8  6.49  4.81 1.8e+13  52.3 1605.60 1641.41 4.0 576 FFFFFF FFFFFF FFFFFF FFFFFF c
41 21 1659.32 12.68 64.0  9.4  6.84  4.42 1.7e+13  48.2 1641.41 1677.22 4.0 576 FFFFFF FFFFFF FFFFFF FFFFFF c
41 22 1695.92 13.84 61.8  9.0  6.88  4.08 1.5e+13  44.9 1677.22 1714.62 4.0 576 FFFFFF FFFFFF FFFFFF FFFFFF c
41 23 1733.33 13.84 62.2  8.6  7.21  3.77 1.4e+13  42.0 1714.62 1752.03 4.0 576 FFFFFF FFFFFF FFFFFF FFFFFF c
41 24 1771.56 15.10 60.0  8.3  7.21  3.50 1.3e+13  39.7 1752.03 1791.10 4.0 576 FFFFFF FFFFFF FFFFFF FFFFFF c
41 25 1810.64 15.10 60.3  8.0  7.51  3.26 1.2e+13  37.9 1791.10 1830.17 4.0 576 FFFFFF FFFFFF FFFFFF FFFFFF c
41 26 1850.58 16.48 29.0  5.5  5.28  1.53 1.1e+13  36.4 1830.17 1870.99 2.0 576 FFFFFF FFFFFF FFFFFF FFFFFF c
41 27 1891.40 16.48 29.1  5.3  5.47  1.43 1.1e+13  35.3 1870.99 1911.80 2.0 576 FFFFFF FFFFFF FFFFFF FFFFFF c
41 28 1933.12 17.98 27.9  5.2  5.41  1.35 1.0e+13  34.4 1911.80 1954.44 2.0 576 FFFFFF FFFFFF FFFFFF FFFFFF c
41 29 1975.76 17.98 28.0  5.0  5.58  1.27 9.5e+12  33.8 1954.44 1997.08 2.0 576 FFFFFF FFFFFF FFFFFF FFFFFF c
41 30 2019.34 19.62 26.8  4.9  5.50  1.20 9.0e+12  33.2 1997.08 2041.61 2.0 576 FFFFFF FFFFFF FFFFFF FFFFFF c
41 31 2063.88 19.62 26.9  4.7  5.66  1.14 8.5e+12  32.8 2041.61 2086.15 2.0 576 FFFFFF FFFFFF FFFFFF FFFFFF c
41 32 2109.41 21.41 25.8  4.6  5.57  1.08 8.1e+12  32.3 2086.15 2132.67 2.0 576 FFFFFF FFFFFF FFFFFF FFFFFF c
41 33 2155.94 21.41 25.8  4.5  5.73  1.03 7.7e+12  31.6 2132.67 2179.20 2.0 576 FFFFFF FFFFFF FFFFFF FFFFFF c
41 34 2203.50 23.36 24.8  4.4  5.65  0.97 7.3e+12  30.6 2179.20 2227.80 2.0 576 3FFFFC 3FFFFC 3FFFFC 3FFFFC c
41 35 2252.10 23.36 24.9  4.3  5.84  0.92 6.9e+12  29.2 2227.80 2276.40 2.0 576 3FFFFC 3FFFFC 3FFFFC 3FFFFC c
41 36 2301.78 25.49 24.0  4.1  5.81  0.86 6.5e+12  27.1 2276.40 2327.16 2.0 576 3FFFFC 3FFFFC 3FFFFC 3FFFFC c
# 
42 13 1393.56  8.95 71.6 12.2  5.89  7.48 2.8e+13  74.8 1378.52 1408.59 4.0 576 FFFFFF FFFFFF FFFFFF FFFFFF c
42 14 1424.30  9.76 69.8 11.6  6.03  6.76 2.5e+13  66.5 1408.59 1440.00 4.0 576 FFFFFF FFFFFF FFFFFF FFFFFF c
42 15 1455.71  9.76 71.0 11.0  6.45  6.12 2.3e+13  59.3 1440.00 1471.42 4.0 576 FFFFFF FFFFFF FFFFFF FFFFFF c
42 16 1487.83 10.65 68.9 10.5  6.58  5.55 2.1e+13  53.0 1471.42 1504.23 4.0 576 FFFFFF FFFFFF FFFFFF FFFFFF c
42 17 1520.64 10.65 69.9 10.0  7.00  5.04 1.9e+13  47.7 1504.23 1537.05 4.0 576 FFFFFF FFFFFF FFFFFF FFFFFF c
42 18 1554.19 11.62 33.9  6.7  5.03  2.30 1.7e+13  43.0 1537.05 1571.33 2.0 576 FFFFFF FFFFFF FFFFFF FFFFFF c
42 19 1588.47 11.62 34.2  6.4  5.32  2.10 1.6e+13  39.1 1571.33 1605.60 2.0 576 FFFFFF FFFFFF FFFFFF FFFFFF c
42 20 1623.51 12.68 33.1  6.2  5.37  1.92 1.4e+13  35.8 1605.60 1641.41 2.0 576 FFFFFF FFFFFF FFFFFF FFFFFF c
42 21 1659.32 12.68 33.4  5.9  5.66  1.76 1.3e+13  33.1 1641.41 1677.22 2.0 576 FFFFFF FFFFFF FFFFFF FFFFFF c
42 22 1695.92 13.84 32.2  5.7  5.68  1.62 1.2e+13  30.8 1677.22 1714.62 2.0 576 FFFFFF FFFFFF FFFFFF FFFFFF c
42 23 1733.33 13.84 32.4  5.4  5.95  1.50 1.1e+13  28.9 1714.62 1752.03 2.0 576 FFFFFF FFFFFF FFFFFF FFFFFF c
42 24 1771.56 15.10 31.2  5.2  5.95  1.39 1.0e+13  27.4 1752.03 1791.10 2.0 576 FFFFFF FFFFFF FFFFFF FFFFFF c
42 25 1810.64 15.10 31.3  5.0  6.20  1.29 9.6e+12  26.3 1791.10 1830.17 2.0 576 FFFFFF FFFFFF FFFFFF FFFFFF c
42 26 1850.58 16.48 30.0  4.9  6.16  1.20 9.0e+12  25.4 1830.17 1870.99 2.0 576 FFFFFF FFFFFF FFFFFF FFFFFF c
42 27 1891.40 16.48 30.1  4.7  6.39  1.12 8.4e+12  24.7 1870.99 1911.80 2.0 576 FFFFFF FFFFFF FFFFFF FFFFFF c
42 28 1933.12 17.98 28.9  4.6  6.32  1.05 7.9e+12  24.2 1911.80 1954.44 2.0 576 FFFFFF FFFFFF FFFFFF FFFFFF c
42 29 1975.76 17.98 28.9  4.4  6.53  0.99 7.4e+12  23.8 1954.44 1997.08 2.0 576 FFFFFF FFFFFF FFFFFF FFFFFF c
42 30 2019.34 19.62 27.7  4.3  6.45  0.93 7.0e+12  23.5 1997.08 2041.61 2.0 576 FFFFFF FFFFFF FFFFFF FFFFFF c
42 31 2063.88 19.62 27.8  4.2  6.65  0.88 6.6e+12  23.1 2041.61 2086.15 2.0 576 FFFFFF FFFFFF FFFFFF FFFFFF c
42 32 2109.41 21.41 26.6  4.1  6.56  0.83 6.2e+12  22.7 2086.15 2132.67 2.0 576 FFFFFF FFFFFF FFFFFF FFFFFF c
42 33 2155.94 21.41 26.7  3.9  6.77  0.78 5.9e+12  22.0 2132.67 2179.20 2.0 576 FFFFFF FFFFFF FFFFFF FFFFFF c
42 34 2203.50 23.36 25.6  3.8  6.71  0.74 5.5e+12  21.0 2179.20 2227.80 2.0 576 FFFFFF FFFFFF FFFFFF FFFFFF c
42 35 2252.10 23.36 25.8  3.7  6.96  0.69 5.2e+12  19.5 2227.80 2276.40 2.0 576 FFFFFF FFFFFF FFFFFF FFFFFF c
42 36 2301.78 25.49 24.9  3.6  6.95  0.65 4.9e+12  17.5 2276.40 2327.16 2.0 576 3FFFFC 3FFFFC 3FFFFC 3FFFFC c
42 37 2352.55 25.49 25.2  3.5  7.30  0.60 4.5e+12  15.0 2327.16 2377.93 2.0 576 3FFFFC 3FFFFC 3FFFFC 3FFFFC c
42 38 2404.45 27.82 24.5  3.3  7.39  0.55 4.1e+12  12.0 2377.93 2430.96 2.0 576 3FFFFC 3FFFFC 3FFFFC 3FFFFC c
# 
43 06 1196.18  6.89 72.2 15.8  4.56 12.67 4.7e+13 146.2 1182.99 1209.37 4.0 576 0000FF FF0000 0000FF FF0000 c
43 07 1222.56  6.89 73.7 15.0  4.91 11.38 4.3e+13 132.4 1209.37 1235.75 4.0 576 FFFFFF FFFFFF FFFFFF FFFFFF c
43 08 1249.53  7.51 72.0 14.2  5.07 10.21 3.8e+13 119.3 1235.75 1263.31 4.0 576 FFFFFF FFFFFF FFFFFF FFFFFF c
43 09 1277.09  7.51 73.5 13.5  5.46  9.17 3.4e+13 107.1 1263.31 1290.87 4.0 576 FFFFFF FFFFFF FFFFFF FFFFFF c
43 10 1305.26  8.20 71.8 12.8  5.63  8.24 3.1e+13  95.8 1290.87 1319.66 4.0 576 FFFFFF FFFFFF FFFFFF FFFFFF c
43 11 1334.05  8.20 73.2 12.1  6.05  7.41 2.8e+13  85.5 1319.66 1348.45 4.0 576 FFFFFF FFFFFF FFFFFF FFFFFF c
43 12 1363.48  8.95 71.4 11.5  6.22  6.66 2.5e+13  76.1 1348.45 1378.52 4.0 576 FFFFFF FFFFFF FFFFFF FFFFFF c
43 13 1393.56  8.95 72.7 10.9  6.68  6.00 2.2e+13  67.7 1378.52 1408.59 4.0 576 FFFFFF FFFFFF FFFFFF FFFFFF c
43 14 1424.30  9.76 70.8 10.3  6.85  5.40 2.0e+13  60.2 1408.59 1440.00 4.0 576 FFFFFF FFFFFF FFFFFF FFFFFF c
43 15 1455.71  9.76 71.9  9.8  7.32  4.88 1.8e+13  53.6 1440.00 1471.42 4.0 576 FFFFFF FFFFFF FFFFFF FFFFFF c
43 16 1487.83 10.65 69.9  9.3  7.48  4.41 1.6e+13  47.8 1471.42 1504.23 4.0 576 FFFFFF FFFFFF FFFFFF FFFFFF c
43 17 1520.64 10.65 70.8  8.9  7.97  3.99 1.5e+13  42.8 1504.23 1537.05 4.0 576 FFFFFF FFFFFF FFFFFF FFFFFF c
43 18 1554.19 11.62 34.3  6.0  5.73  1.81 1.4e+13  38.4 1537.05 1571.33 2.0 576 FFFFFF FFFFFF FFFFFF FFFFFF c
43 19 1588.47 11.62 34.7  5.7  6.08  1.65 1.2e+13  34.6 1571.33 1605.60 2.0 576 FFFFFF FFFFFF FFFFFF FFFFFF c
43 20 1623.51 12.68 33.6  5.4  6.16  1.50 1.1e+13  31.4 1605.60 1641.41 2.0 576 FFFFFF FFFFFF FFFFFF FFFFFF c
43 21 1659.32 12.68 33.9  5.2  6.50  1.37 1.0e+13  28.7 1641.41 1677.22 2.0 576 FFFFFF FFFFFF FFFFFF FFFFFF c
43 22 1695.92 13.84 32.7  5.0  6.55  1.26 9.4e+12  26.4 1677.22 1714.62 2.0 576 FFFFFF FFFFFF FFFFFF FFFFFF c
43 23 1733.33 13.84 32.9  4.8  6.88  1.16 8.6e+12  24.5 1714.62 1752.03 2.0 576 FFFFFF FFFFFF FFFFFF FFFFFF c
43 24 1771.56 15.10 31.7  4.6  6.90  1.07 8.0e+12  22.9 1752.03 1791.10 2.0 576 FFFFFF FFFFFF FFFFFF FFFFFF c
43 25 1810.64 15.10 31.8  4.4  7.21  0.99 7.4e+12  21.6 1791.10 1830.17 2.0 576 FFFFFF FFFFFF FFFFFF FFFFFF c
43 26 1850.58 16.48 30.6  6.0  5.09  1.83 6.8e+12  20.5 1830.17 1870.99 4.0 576 FFFFFF FFFFFF FFFFFF FFFFFF m
43 27 1891.40 16.48 30.7  5.8  5.29  1.70 6.4e+12  19.7 1870.99 1911.80 4.0 576 FFFFFF FFFFFF FFFFFF FFFFFF m
43 28 1933.12 17.98 29.5  5.6  5.26  1.59 5.9e+12  19.0 1911.80 1954.44 4.0 576 FFFFFF FFFFFF FFFFFF FFFFFF m
43 29 1975.76 17.98 29.5  5.4  5.45  1.48 5.6e+12  18.5 1954.44 1997.08 4.0 576 FFFFFF FFFFFF FFFFFF FFFFFF m
43 30 2019.34 19.62 28.3  5.2  5.40  1.39 5.2e+12  18.1 1997.08 2041.61 4.0 576 FFFFFF FFFFFF FFFFFF FFFFFF m
43 31 2063.88 19.62 28.4  5.1  5.58  1.31 4.9e+12  17.7 2041.61 2086.15 4.0 576 FFFFFF FFFFFF FFFFFF FFFFFF m
43 32 2109.41 21.41 27.2  4.9  5.51  1.23 4.6e+12  17.4 2086.15 2132.67 4.0 576 FFFFFF FFFFFF FFFFFF FFFFFF m
43 33 2155.94 21.41 27.2  4.8  5.69  1.16 4.3e+12  17.0 2132.67 2179.20 4.0 576 FFFFFF FFFFFF FFFFFF FFFFFF m
43 34 2203.50 23.36 26.1  4.6  5.63  1.09 4.1e+12  16.4 2179.20 2227.80 4.0 576 FFFFFF FFFFFF FFFFFF FFFFFF m
43 35 2252.10 23.36 26.2  4.5  5.83  1.02 3.8e+12  15.6 2227.80 2276.40 4.0 576 FFFFFF FFFFFF FFFFFF FFFFFF m
43 36 2301.78 25.49 25.2  4.4  5.80  0.96 3.6e+12  14.6 2276.40 2327.16 4.0 576 FFFFFF FFFFFF FFFFFF FFFFFF m
43 37 2352.55 25.49 25.4  4.2  6.05  0.89 3.3e+12  13.2 2327.16 2377.93 4.0 576 FFFFFF FFFFFF FFFFFF FFFFFF m
43 38 2404.45 27.82 24.5  4.0  6.07  0.83 3.1e+12  11.4 2377.93 2430.96 4.0 576 3FFFFC 3FFFFC 3FFFFC 3FFFFC m
43 39 2457.48 27.82 24.8  3.9  6.41  0.76 2.8e+12   9.3 2430.96 2483.99 4.0 576 3FFFFC 3FFFFC 3FFFFC 3FFFFC m
43 40 2511.69 30.36 24.1  3.7  6.54  0.69 2.6e+12   7.2 2483.99 2539.39 4.0 576 3FFFFC 3FFFFC 3FFFFC 3FFFFC m
# 
44 06 1196.18  6.89 77.4 14.2  5.44 10.23 3.8e+13 102.7 1182.99 1209.37 4.0 576 0000FF FF0000 0000FF FF0000 c
44 07 1222.56  6.89 78.9 13.4  5.87  9.14 3.4e+13  92.0 1209.37 1235.75 4.0 576 FFFFFF FFFFFF FFFFFF FFFFFF c
44 08 1249.53  7.51 77.0 12.7  6.06  8.16 3.1e+13  82.0 1235.75 1263.31 4.0 576 FFFFFF FFFFFF FFFFFF FFFFFF c
44 09 1277.09  7.51 78.5 12.0  6.54  7.28 2.7e+13  72.9 1263.31 1290.87 4.0 576 FFFFFF FFFFFF FFFFFF FFFFFF c
44 10 1305.26  8.20 76.5 11.3  6.74  6.51 2.4e+13  64.7 1290.87 1319.66 4.0 576 FFFFFF FFFFFF FFFFFF FFFFFF c
44 11 1334.05  8.20 77.8 10.7  7.25  5.82 2.2e+13  57.3 1319.66 1348.45 4.0 576 FFFFFF FFFFFF FFFFFF FFFFFF c
44 12 1363.48  8.95 75.7 10.1  7.46  5.20 1.9e+13  50.6 1348.45 1378.52 4.0 576 FFFFFF FFFFFF FFFFFF FFFFFF c
44 13 1393.56  8.95 76.9  9.6  8.00  4.66 1.7e+13  44.7 1378.52 1408.59 4.0 576 FFFFFF FFFFFF FFFFFF FFFFFF c
44 14 1424.30  9.76 74.6  9.1  8.21  4.18 1.6e+13  39.6 1408.59 1440.00 4.0 576 FFFFFF FFFFFF FFFFFF FFFFFF c
44 15 1455.71  9.76 75.6  8.6  8.77  3.76 1.4e+13  35.1 1440.00 1471.42 4.0 576 FFFFFF FFFFFF FFFFFF FFFFFF c
44 16 1487.83 10.65 73.3  8.2  8.96  3.38 1.3e+13  31.1 1471.42 1504.23 4.0 576 FFFFFF FFFFFF FFFFFF FFFFFF c
44 17 1520.64 10.65 74.1  7.8  9.54  3.05 1.1e+13  27.7 1504.23 1537.05 4.0 576 FFFFFF FFFFFF FFFFFF FFFFFF c
44 18 1554.19 11.62 35.8  5.2  6.86  1.38 1.0e+13  24.8 1537.05 1571.33 2.0 576 FFFFFF FFFFFF FFFFFF FFFFFF c
44 19 1588.47 11.62 36.2  5.0  7.27  1.25 9.4e+12  22.3 1571.33 1605.60 2.0 576 FFFFFF FFFFFF FFFFFF FFFFFF c
44 20 1623.51 12.68 34.9  4.7  7.36  1.14 8.5e+12  20.2 1605.60 1641.41 2.0 576 FFFFFF FFFFFF FFFFFF FFFFFF c
44 21 1659.32 12.68 35.2  4.5  7.76  1.04 7.8e+12  18.4 1641.41 1677.22 2.0 576 FFFFFF FFFFFF FFFFFF FFFFFF c
44 22 1695.92 13.84 33.9  4.3  7.81  0.95 7.1e+12  16.9 1677.22 1714.62 2.0 576 FFFFFF FFFFFF FFFFFF FFFFFF c
44 23 1733.33 13.84 34.1  4.2  8.19  0.87 6.5e+12  15.7 1714.62 1752.03 2.0 576 FFFFFF FFFFFF FFFFFF FFFFFF c
44 24 1771.56 15.10 32.8  4.0  8.21  0.81 6.0e+12  14.6 1752.03 1791.10 2.0 576 FFFFFF FFFFFF FFFFFF FFFFFF c
44 25 1810.64 15.10 32.9  3.8  8.56  0.75 5.6e+12  13.8 1791.10 1830.17 2.0 576 FFFFFF FFFFFF FFFFFF FFFFFF c
44 26 1850.58 16.48 31.6  5.2  6.03  1.39 5.2e+12  13.1 1830.17 1870.99 4.0 576 FFFFFF FFFFFF FFFFFF FFFFFF m
44 27 1891.40 16.48 31.7  5.1  6.27  1.29 4.8e+12  12.6 1870.99 1911.80 4.0 576 FFFFFF FFFFFF FFFFFF FFFFFF m
44 28 1933.12 17.98 30.4  4.9  6.22  1.21 4.5e+12  12.2 1911.80 1954.44 4.0 576 FFFFFF FFFFFF FFFFFF FFFFFF m
44 29 1975.76 17.98 30.5  4.7  6.43  1.13 4.2e+12  11.9 1954.44 1997.08 4.0 576 FFFFFF FFFFFF FFFFFF FFFFFF m
44 30 2019.34 19.62 29.2  4.6  6.35  1.07 4.0e+12  11.6 1997.08 2041.61 4.0 576 FFFFFF FFFFFF FFFFFF FFFFFF m
44 31 2063.88 19.62 29.2  4.5  6.55  1.01 3.8e+12  11.4 2041.61 2086.15 4.0 576 FFFFFF FFFFFF FFFFFF FFFFFF m
44 32 2109.41 21.41 28.0  4.3  6.46  0.95 3.6e+12  11.2 2086.15 2132.67 4.0 576 FFFFFF FFFFFF FFFFFF FFFFFF m
44 33 2155.94 21.41 28.0  4.2  6.66  0.90 3.4e+12  11.0 2132.67 2179.20 4.0 576 FFFFFF FFFFFF FFFFFF FFFFFF m
44 34 2203.50 23.36 26.9  4.1  6.57  0.85 3.2e+12  10.7 2179.20 2227.80 4.0 576 FFFFFF FFFFFF FFFFFF FFFFFF m
44 35 2252.10 23.36 26.9  4.0  6.79  0.80 3.0e+12  10.3 2227.80 2276.40 4.0 576 FFFFFF FFFFFF FFFFFF FFFFFF m
44 36 2301.78 25.49 25.9  3.8  6.73  0.75 2.8e+12   9.6 2276.40 2327.16 4.0 576 FFFFFF FFFFFF FFFFFF FFFFFF m
44 37 2352.55 25.49 26.0  3.7  7.01  0.70 2.6e+12   8.8 2327.16 2377.93 4.0 576 FFFFFF FFFFFF FFFFFF FFFFFF m
44 38 2404.45 27.82 25.1  3.6  7.03  0.64 2.4e+12   7.7 2377.93 2430.96 4.0 576 FFFFFF FFFFFF FFFFFF FFFFFF m
44 39 2457.48 27.82 25.3  3.4  7.42  0.59 2.2e+12   6.5 2430.96 2483.99 4.0 576 FFFFFF FFFFFF FFFFFF FFFFFF m
44 40 2511.69 30.36 24.5  3.2  7.56  0.53 2.0e+12   5.1 2483.99 2539.39 4.0 576 3FFFFC 3FFFFC 3FFFFC 3FFFFC m
44 41 2567.09 30.36 24.8  3.0  8.15  0.47 1.7e+12   3.7 2539.39 2594.79 4.0 576 3FFFFC 3FFFFC 3FFFFC 3FFFFC m
# 
45 06 1196.18  6.89 76.4 12.8  5.95  8.35 3.1e+13 110.0 1182.99 1209.37 4.0 576 0000FF FF0000 0000FF FF0000 c
45 07 1222.56  6.89 77.8 12.1  6.42  7.43 2.8e+13  99.7 1209.37 1235.75 4.0 576 FFFFFF FFFFFF FFFFFF FFFFFF c
45 08 1249.53  7.51 75.9 11.4  6.63  6.61 2.5e+13  90.0 1235.75 1263.31 4.0 576 FFFFFF FFFFFF FFFFFF FFFFFF c
45 09 1277.09  7.51 77.2 10.8  7.16  5.89 2.2e+13  80.7 1263.31 1290.87 4.0 576 FFFFFF FFFFFF FFFFFF FFFFFF c
45 10 1305.26  8.20 75.2 10.2  7.39  5.24 2.0e+13  72.1 1290.87 1319.66 4.0 576 FFFFFF FFFFFF FFFFFF FFFFFF c
45 11 1334.05  8.20 76.6  9.6  7.96  4.67 1.7e+13  64.2 1319.66 1348.45 4.0 576 FFFFFF FFFFFF FFFFFF FFFFFF c
45 12 1363.48  8.95 74.5  9.1  8.21  4.17 1.6e+13  57.0 1348.45 1378.52 4.0 576 FFFFFF FFFFFF FFFFFF FFFFFF c
45 13 1393.56  8.95 75.7  8.6  8.83  3.72 1.4e+13  50.5 1378.52 1408.59 4.0 576 FFFFFF FFFFFF FFFFFF FFFFFF c
45 14 1424.30  9.76 73.6  8.1  9.07  3.33 1.2e+13  44.6 1408.59 1440.00 4.0 576 FFFFFF FFFFFF FFFFFF FFFFFF c
45 15 1455.71  9.76 74.7  7.7  9.73  2.98 1.1e+13  39.4 1440.00 1471.42 4.0 576 FFFFFF FFFFFF FFFFFF FFFFFF c
45 16 1487.83 10.65 72.4  7.3  9.96  2.67 1.0e+13  34.9 1471.42 1504.23 4.0 576 FFFFFF FFFFFF FFFFFF FFFFFF c
45 17 1520.64 10.65 73.4  6.9 10.64  2.40 9.0e+12  30.8 1504.23 1537.05 4.0 576 FFFFFF FFFFFF FFFFFF FFFFFF c
45 18 1554.19 11.62 35.5  6.5  5.43  2.17 8.1e+12  27.3 1537.05 1571.33 4.0 576 FFFFFF FFFFFF FFFFFF FFFFFF m
45 19 1588.47 11.62 35.9  6.2  5.77  1.96 7.3e+12  24.3 1571.33 1605.60 4.0 576 FFFFFF FFFFFF FFFFFF FFFFFF m
45 20 1623.51 12.68 34.7  5.9  5.86  1.77 6.6e+12  21.7 1605.60 1641.41 4.0 576 FFFFFF FFFFFF FFFFFF FFFFFF m
45 21 1659.32 12.68 35.0  5.6  6.20  1.61 6.0e+12  19.5 1641.41 1677.22 4.0 576 FFFFFF FFFFFF FFFFFF FFFFFF m
45 22 1695.92 13.84 33.8  5.4  6.27  1.47 5.5e+12  17.6 1677.22 1714.62 4.0 576 FFFFFF FFFFFF FFFFFF FFFFFF m
45 23 1733.33 13.84 34.0  5.2  6.60  1.35 5.0e+12  16.0 1714.62 1752.03 4.0 576 FFFFFF FFFFFF FFFFFF FFFFFF m
45 24 1771.56 15.10 32.8  4.9  6.63  1.24 4.6e+12  14.6 1752.03 1791.10 4.0 576 FFFFFF FFFFFF FFFFFF FFFFFF m
45 25 1810.64 15.10 33.0  4.7  6.94  1.14 4.3e+12  13.5 1791.10 1830.17 4.0 576 FFFFFF FFFFFF FFFFFF FFFFFF m
45 26 1850.58 16.48 31.7  4.6  6.94  1.06 3.9e+12  12.5 1830.17 1870.99 4.0 576 FFFFFF FFFFFF FFFFFF FFFFFF m
45 27 1891.40 16.48 31.8  4.4  7.23  0.98 3.7e+12  11.7 1870.99 1911.80 4.0 576 FFFFFF FFFFFF FFFFFF FFFFFF m
45 28 1933.12 17.98 30.6  4.3  7.19  0.91 3.4e+12  11.1 1911.80 1954.44 4.0 576 FFFFFF FFFFFF FFFFFF FFFFFF m
45 29 1975.76 17.98 30.7  4.1  7.46  0.86 3.2e+12  10.5 1954.44 1997.08 4.0 576 FFFFFF FFFFFF FFFFFF FFFFFF m
45 30 2019.34 19.62 29.4  4.0  7.39  0.80 3.0e+12  10.1 1997.08 2041.61 4.0 576 FFFFFF FFFFFF FFFFFF FFFFFF m
45 31 2063.88 19.62 29.5  3.9  7.63  0.76 2.8e+12   9.7 2041.61 2086.15 4.0 576 FFFFFF FFFFFF FFFFFF FFFFFF m
45 32 2109.41 21.41 28.3  3.8  7.54  0.71 2.7e+12   9.4 2086.15 2132.67 4.0 576 FFFFFF FFFFFF FFFFFF FFFFFF m
45 33 2155.94 21.41 28.3  3.6  7.77  0.67 2.5e+12   9.1 2132.67 2179.20 4.0 576 FFFFFF FFFFFF FFFFFF FFFFFF m
45 34 2203.50 23.36 13.6  2.5  5.42  0.32 2.4e+12   8.8 2179.20 2227.80 2.0 576 FFFFFF FFFFFF FFFFFF FFFFFF m
45 35 2252.10 23.36 13.6  2.4  5.59  0.30 2.2e+12   8.5 2227.80 2276.40 2.0 576 FFFFFF FFFFFF FFFFFF FFFFFF m
45 36 2301.78 25.49 13.1  2.4  5.52  0.28 2.1e+12   8.1 2276.40 2327.16 2.0 576 FFFFFF FFFFFF FFFFFF FFFFFF m
45 37 2352.55 25.49 13.1  2.3  5.72  0.27 2.0e+12   7.7 2327.16 2377.93 2.0 576 FFFFFF FFFFFF FFFFFF FFFFFF m
45 38 2404.45 27.82 12.6  2.2  5.69  0.25 1.9e+12   7.0 2377.93 2430.96 2.0 576 FFFFFF FFFFFF FFFFFF FFFFFF m
45 39 2457.48 27.82 12.7  2.1  5.95  0.23 1.7e+12   6.3 2430.96 2483.99 2.0 576 FFFFFF FFFFFF FFFFFF FFFFFF m
45 40 2511.69 30.36 12.2  2.0  6.00  0.21 1.6e+12   5.3 2483.99 2539.39 2.0 576 3FFFFC 3FFFFC 3FFFFC 3FFFFC m
45 41 2567.09 30.36 12.3  1.9  6.37  0.19 1.4e+12   4.3 2539.39 2594.79 2.0 576 3FFFFC 3FFFFC 3FFFFC 3FFFFC m
# 
46 06 1196.18  6.89 41.9  8.3  5.02  3.52 2.6e+13  62.9 1182.99 1209.37 2.0 576 0000FF FF0000 0000FF FF0000 c
46 07 1222.56  6.89 42.5  7.9  5.41  3.12 2.3e+13  56.4 1209.37 1235.75 2.0 576 FFFFFF FFFFFF FFFFFF FFFFFF c
46 08 1249.53  7.51 41.3  7.4  5.58  2.77 2.1e+13  50.3 1235.75 1263.31 2.0 576 FFFFFF FFFFFF FFFFFF FFFFFF c
46 09 1277.09  7.51 41.9  7.0  6.02  2.45 1.8e+13  44.7 1263.31 1290.87 2.0 576 FFFFFF FFFFFF FFFFFF FFFFFF c
46 10 1305.26  8.20 40.7  6.6  6.21  2.18 1.6e+13  39.6 1290.87 1319.66 2.0 576 FFFFFF FFFFFF FFFFFF FFFFFF c
46 11 1334.05  8.20 41.3  6.2  6.68  1.93 1.4e+13  34.9 1319.66 1348.45 2.0 576 FFFFFF FFFFFF FFFFFF FFFFFF c
46 12 1363.48  8.95 40.0  5.8  6.88  1.71 1.3e+13  30.7 1348.45 1378.52 2.0 576 FFFFFF FFFFFF FFFFFF FFFFFF c
46 13 1393.56  8.95 40.5  5.5  7.39  1.52 1.1e+13  27.0 1378.52 1408.59 2.0 576 FFFFFF FFFFFF FFFFFF FFFFFF c
46 14 1424.30  9.76 39.3  5.2  7.59  1.35 1.0e+13  23.7 1408.59 1440.00 2.0 576 FFFFFF FFFFFF FFFFFF FFFFFF c
46 15 1455.71  9.76 39.7  4.9  8.13  1.21 9.0e+12  20.7 1440.00 1471.42 2.0 576 FFFFFF FFFFFF FFFFFF FFFFFF c
46 16 1487.83 10.65 38.4  4.6  8.33  1.08 8.1e+12  18.2 1471.42 1504.23 2.0 576 FFFFFF FFFFFF FFFFFF FFFFFF c
46 17 1520.64 10.65 38.8  4.4  8.90  0.96 7.2e+12  16.0 1504.23 1537.05 2.0 576 FFFFFF FFFFFF FFFFFF FFFFFF c
46 18 1554.19 11.62 37.5  5.8  6.42  1.72 6.4e+12  14.0 1537.05 1571.33 4.0 576 FFFFFF FFFFFF FFFFFF FFFFFF m
46 19 1588.47 11.62 37.8  5.5  6.83  1.54 5.8e+12  12.4 1571.33 1605.60 4.0 576 FFFFFF FFFFFF FFFFFF FFFFFF m
46 20 1623.51 12.68 36.4  5.2  6.95  1.39 5.2e+12  11.0 1605.60 1641.41 4.0 576 FFFFFF FFFFFF FFFFFF FFFFFF m
46 21 1659.32 12.68 36.7  5.0  7.36  1.25 4.7e+12   9.8 1641.41 1677.22 4.0 576 FFFFFF FFFFFF FFFFFF FFFFFF m
46 22 1695.92 13.84 35.3  4.7  7.45  1.14 4.3e+12   8.7 1677.22 1714.62 4.0 576 FFFFFF FFFFFF FFFFFF FFFFFF m
46 23 1733.33 13.84 35.5  4.5  7.86  1.03 3.9e+12   7.9 1714.62 1752.03 4.0 576 FFFFFF FFFFFF FFFFFF FFFFFF m
46 24 1771.56 15.10 34.2  4.3  7.92  0.94 3.5e+12   7.2 1752.03 1791.10 4.0 576 FFFFFF FFFFFF FFFFFF FFFFFF m
46 25 1810.64 15.10 34.3  4.1  8.31  0.86 3.2e+12   6.6 1791.10 1830.17 4.0 576 FFFFFF FFFFFF FFFFFF FFFFFF m
46 26 1850.58 16.48 16.5  2.8  5.89  0.40 3.0e+12   6.1 1830.17 1870.99 2.0 576 FFFFFF FFFFFF FFFFFF FFFFFF m
46 27 1891.40 16.48 16.5  2.7  6.15  0.37 2.7e+12   5.7 1870.99 1911.80 2.0 576 FFFFFF FFFFFF FFFFFF FFFFFF m
46 28 1933.12 17.98 15.9  2.6  6.13  0.34 2.5e+12   5.4 1911.80 1954.44 2.0 576 FFFFFF FFFFFF FFFFFF FFFFFF m
46 29 1975.76 17.98 15.9  2.5  6.36  0.32 2.4e+12   5.1 1954.44 1997.08 2.0 576 FFFFFF FFFFFF FFFFFF FFFFFF m
46 30 2019.34 19.62 15.2  2.4  6.31  0.29 2.2e+12   4.9 1997.08 2041.61 2.0 576 FFFFFF FFFFFF FFFFFF FFFFFF m
46 31 2063.88 19.62 15.2  2.3  6.52  0.28 2.1e+12   4.8 2041.61 2086.15 2.0 576 FFFFFF FFFFFF FFFFFF FFFFFF m
46 32 2109.41 21.41 14.6  2.3  6.43  0.26 2.0e+12   4.8 2086.15 2132.67 2.0 576 FFFFFF FFFFFF FFFFFF FFFFFF m
46 33 2155.94 21.41 14.6  2.2  6.61  0.25 1.8e+12   4.7 2132.67 2179.20 2.0 576 FFFFFF FFFFFF FFFFFF FFFFFF m
46 34 2203.50 23.36 14.0  2.2  6.49  0.23 1.8e+12   4.8 2179.20 2227.80 2.0 576 FFFFFF FFFFFF FFFFFF FFFFFF m
46 35 2252.10 23.36 14.0  2.1  6.64  0.22 1.7e+12   4.8 2227.80 2276.40 2.0 576 FFFFFF FFFFFF FFFFFF FFFFFF m
46 36 2301.78 25.49 13.4  2.1  6.50  0.21 1.6e+12   4.9 2276.40 2327.16 2.0 576 FFFFFF FFFFFF FFFFFF FFFFFF m
46 37 2352.55 25.49 13.4  2.0  6.64  0.20 1.5e+12   5.0 2327.16 2377.93 2.0 576 FFFFFF FFFFFF FFFFFF FFFFFF m
46 38 2404.45 27.82 12.8  2.0  6.50  0.20 1.5e+12   5.0 2377.93 2430.96 2.0 576 FFFFFF FFFFFF FFFFFF FFFFFF m
46 39 2457.48 27.82 12.8  1.9  6.64  0.19 1.4e+12   5.0 2430.96 2483.99 2.0 576 FFFFFF FFFFFF FFFFFF FFFFFF m
46 40 2511.69 30.36 12.2  1.9  6.51  0.18 1.3e+12   5.0 2483.99 2539.39 2.0 576 3FFFFC 3FFFFC 3FFFFC 3FFFFC m
46 41 2567.09 30.36 12.3  1.8  6.69  0.17 1.3e+12   4.8 2539.39 2594.79 2.0 576 3FFFFC 3FFFFC 3FFFFC 3FFFFC m
# 
47 00 1049.40  5.30 85.5 15.6  5.49 12.27 4.6e+13 121.0 1037.83 1060.98 4.0 576 FF00FF FF00FF FF00FF FF00FF c
47 01 1072.55  5.30 86.5 14.7  5.89 10.89 4.1e+13 114.4 1060.98 1084.12 4.0 576 FFFFFF FFFFFF FFFFFF FFFFFF c
47 02 1096.21  5.78 83.8 13.8  6.06  9.66 3.6e+13 107.5 1084.12 1108.30 4.0 576 FFFFFF FFFFFF FFFFFF FFFFFF c
47 03 1120.39  5.78 84.8 13.0  6.52  8.56 3.2e+13 100.4 1108.30 1132.48 4.0 576 FFFFFF FFFFFF FFFFFF FFFFFF c
47 04 1145.10  6.31 82.3 12.2  6.72  7.58 2.8e+13  93.1 1132.48 1157.73 4.0 576 FFFFFF FFFFFF FFFFFF FFFFFF c
47 05 1170.36  6.31 83.4 11.5  7.24  6.71 2.5e+13  85.8 1157.73 1182.99 4.0 576 FFFFFF FFFFFF FFFFFF FFFFFF c
47 06 1196.18  6.89 40.5  7.7  5.29  2.97 2.2e+13  78.6 1182.99 1209.37 2.0 576 FFFFFF FFFFFF FFFFFF FFFFFF c
47 07 1222.56  6.89 41.1  7.2  5.71  2.62 2.0e+13  71.6 1209.37 1235.75 2.0 576 FFFFFF FFFFFF FFFFFF FFFFFF c
47 08 1249.53  7.51 39.9  6.8  5.90  2.32 1.7e+13  64.9 1235.75 1263.31 2.0 576 FFFFFF FFFFFF FFFFFF FFFFFF c
47 09 1277.09  7.51 40.5  6.4  6.37  2.05 1.5e+13  58.5 1263.31 1290.87 2.0 576 FFFFFF FFFFFF FFFFFF FFFFFF c
47 10 1305.26  8.20 39.3  6.0  6.58  1.81 1.4e+13  52.5 1290.87 1319.66 2.0 576 FFFFFF FFFFFF FFFFFF FFFFFF c
47 11 1334.05  8.20 39.9  5.6  7.10  1.60 1.2e+13  46.9 1319.66 1348.45 2.0 576 FFFFFF FFFFFF FFFFFF FFFFFF c
47 12 1363.48  8.95 38.7  5.3  7.33  1.41 1.1e+13  41.8 1348.45 1378.52 2.0 576 FFFFFF FFFFFF FFFFFF FFFFFF c
47 13 1393.56  8.95 39.3  5.0  7.90  1.25 9.4e+12  37.1 1378.52 1408.59 2.0 576 FFFFFF FFFFFF FFFFFF FFFFFF c
47 14 1424.30  9.76 38.1  4.7  8.14  1.11 8.3e+12  32.9 1408.59 1440.00 2.0 576 FFFFFF FFFFFF FFFFFF FFFFFF c
47 15 1455.71  9.76 38.5  4.4  8.75  0.98 7.3e+12  29.1 1440.00 1471.42 2.0 576 FFFFFF FFFFFF FFFFFF FFFFFF c
47 16 1487.83 10.65 37.3  4.2  8.99  0.87 6.5e+12  25.7 1471.42 1504.23 2.0 576 FFFFFF FFFFFF FFFFFF FFFFFF c
47 17 1520.64 10.65 37.7  3.9  9.64  0.77 5.8e+12  22.7 1504.23 1537.05 2.0 576 FFFFFF FFFFFF FFFFFF FFFFFF c
47 18 1554.19 11.62 36.5  5.2  6.98  1.38 5.2e+12  20.0 1537.05 1571.33 4.0 576 FFFFFF FFFFFF FFFFFF FFFFFF m
47 19 1588.47 11.62 36.9  4.9  7.46  1.23 4.6e+12  17.7 1571.33 1605.60 4.0 576 FFFFFF FFFFFF FFFFFF FFFFFF m
47 20 1623.51 12.68 35.6  4.7  7.62  1.10 4.1e+12  15.7 1605.60 1641.41 4.0 576 FFFFFF FFFFFF FFFFFF FFFFFF m
47 21 1659.32 12.68 35.9  4.4  8.11  0.99 3.7e+12  13.9 1641.41 1677.22 4.0 576 FFFFFF FFFFFF FFFFFF FFFFFF m
47 22 1695.92 13.84 34.6  4.2  8.24  0.89 3.3e+12  12.4 1677.22 1714.62 4.0 576 FFFFFF FFFFFF FFFFFF FFFFFF m
47 23 1733.33 13.84 34.8  4.0  8.73  0.81 3.0e+12  11.1 1714.62 1752.03 4.0 576 FFFFFF FFFFFF FFFFFF FFFFFF m
47 24 1771.56 15.10 33.6  3.8  8.84  0.73 2.7e+12  10.0 1752.03 1791.10 4.0 576 FFFFFF FFFFFF FFFFFF FFFFFF m
47 25 1810.64 15.10 33.8  3.6  9.32  0.66 2.5e+12   9.0 1791.10 1830.17 4.0 576 FFFFFF FFFFFF FFFFFF FFFFFF m
47 26 1850.58 16.48 16.2  2.4  6.64  0.30 2.3e+12   8.2 1830.17 1870.99 2.0 576 FFFFFF FFFFFF FFFFFF FFFFFF m
47 27 1891.40 16.48 16.3  2.3  6.96  0.28 2.1e+12   7.5 1870.99 1911.80 2.0 576 FFFFFF FFFFFF FFFFFF FFFFFF m
47 28 1933.12 17.98 15.7  2.2  6.98  0.26 1.9e+12   7.0 1911.80 1954.44 2.0 576 FFFFFF FFFFFF FFFFFF FFFFFF m
47 29 1975.76 17.98 15.7  2.2  7.28  0.24 1.8e+12   6.5 1954.44 1997.08 2.0 576 FFFFFF FFFFFF FFFFFF FFFFFF m
47 30 2019.34 19.62 15.1  2.1  7.26  0.22 1.6e+12   6.1 1997.08 2041.61 2.0 576 FFFFFF FFFFFF FFFFFF FFFFFF m
47 31 2063.88 19.62 15.1  2.0  7.54  0.20 1.5e+12   5.7 2041.61 2086.15 2.0 576 FFFFFF FFFFFF FFFFFF FFFFFF m
47 32 2109.41 21.41 14.5  1.9  7.48  0.19 1.4e+12   5.5 2086.15 2132.67 2.0 576 FFFFFF FFFFFF FFFFFF FFFFFF m
47 33 2155.94 21.41 14.5  1.9  7.74  0.18 1.3e+12   5.2 2132.67 2179.20 2.0 576 FFFFFF FFFFFF FFFFFF FFFFFF m
47 34 2203.50 23.36 13.9  1.8  7.64  0.17 1.3e+12   5.1 2179.20 2227.80 2.0 576 FFFFFF FFFFFF FFFFFF FFFFFF m
47 35 2252.10 23.36 14.0  1.8  7.88  0.16 1.2e+12   4.9 2227.80 2276.40 2.0 576 FFFFFF FFFFFF FFFFFF FFFFFF m
47 36 2301.78 25.49 13.4  1.7  7.76  0.15 1.1e+12   4.7 2276.40 2327.16 2.0 576 FFFFFF FFFFFF FFFFFF FFFFFF m
47 37 2352.55 25.49 13.4  1.7  7.98  0.14 1.1e+12   4.6 2327.16 2377.93 2.0 576 FFFFFF FFFFFF FFFFFF FFFFFF m
47 38 2404.45 27.82 12.8  1.6  7.86  0.14 1.0e+12   4.4 2377.93 2430.96 2.0 576 FFFFFF FFFFFF FFFFFF FFFFFF m
47 39 2457.48 27.82 12.9  1.6  8.08  0.13 9.6e+11   4.3 2430.96 2483.99 2.0 576 FFFFFF FFFFFF FFFFFF FFFFFF m
47 40 2511.69 30.36 12.3  1.5  7.97  0.12 9.1e+11   4.0 2483.99 2539.39 2.0 576 3FFFFC 3FFFFC 3FFFFC 3FFFFC m
47 41 2567.09 30.36 12.4  1.5  8.24  0.11 8.5e+11   3.7 2539.39 2594.79 2.0 576 3FFFFC 3FFFFC 3FFFFC 3FFFFC m
# 
48 00 1049.40  5.30 92.2 14.7  6.29 10.86 4.1e+13  79.4 1037.83 1060.98 4.0 576 FF00FF FF00FF FF00FF FF00FF c
48 01 1072.55  5.30 93.7 13.8  6.78  9.64 3.6e+13  71.7 1060.98 1084.12 4.0 576 FFFFFF FFFFFF FFFFFF FFFFFF c
48 02 1096.21  5.78 91.1 13.0  7.00  8.55 3.2e+13  64.5 1084.12 1108.30 4.0 576 FFFFFF FFFFFF FFFFFF FFFFFF c
48 03 1120.39  5.78 92.5 12.2  7.55  7.58 2.8e+13  57.9 1108.30 1132.48 4.0 576 FFFFFF FFFFFF FFFFFF FFFFFF c
48 04 1145.10  6.31 89.8 11.5  7.80  6.71 2.5e+13  52.0 1132.48 1157.73 4.0 576 FFFFFF FFFFFF FFFFFF FFFFFF c
48 05 1170.36  6.31 91.1 10.8  8.41  5.94 2.2e+13  46.5 1157.73 1182.99 4.0 576 FFFFFF FFFFFF FFFFFF FFFFFF c
48 06 1196.18  6.89 44.2  7.2  6.13  2.62 2.0e+13  41.6 1182.99 1209.37 2.0 576 FFFFFF FFFFFF FFFFFF FFFFFF c
48 07 1222.56  6.89 44.8  6.8  6.61  2.32 1.7e+13  37.1 1209.37 1235.75 2.0 576 FFFFFF FFFFFF FFFFFF FFFFFF c
48 08 1249.53  7.51 43.4  6.4  6.81  2.05 1.5e+13  33.0 1235.75 1263.31 2.0 576 FFFFFF FFFFFF FFFFFF FFFFFF c
48 09 1277.09  7.51 43.9  6.0  7.33  1.81 1.4e+13  29.4 1263.31 1290.87 2.0 576 FFFFFF FFFFFF FFFFFF FFFFFF c
48 10 1305.26  8.20 42.5  5.6  7.55  1.60 1.2e+13  26.1 1290.87 1319.66 2.0 576 FFFFFF FFFFFF FFFFFF FFFFFF c
48 11 1334.05  8.20 42.9  5.3  8.12  1.41 1.1e+13  23.2 1319.66 1348.45 2.0 576 FFFFFF FFFFFF FFFFFF FFFFFF c
48 12 1363.48  8.95 41.5  5.0  8.35  1.25 9.4e+12  20.6 1348.45 1378.52 2.0 576 FFFFFF FFFFFF FFFFFF FFFFFF c
48 13 1393.56  8.95 41.9  4.7  8.96  1.11 8.3e+12  18.3 1378.52 1408.59 2.0 576 FFFFFF FFFFFF FFFFFF FFFFFF c
48 14 1424.30  9.76 40.5  4.4  9.20  0.98 7.3e+12  16.2 1408.59 1440.00 2.0 576 FFFFFF FFFFFF FFFFFF FFFFFF c
48 15 1455.71  9.76 40.8  4.1  9.85  0.87 6.5e+12  14.4 1440.00 1471.42 2.0 576 FFFFFF FFFFFF FFFFFF FFFFFF c
48 16 1487.83 10.65 39.4  3.9 10.09  0.77 5.8e+12  12.8 1471.42 1504.23 2.0 576 FFFFFF FFFFFF FFFFFF FFFFFF c
48 17 1520.64 10.65 39.7  3.7 10.78  0.68 5.1e+12  11.3 1504.23 1537.05 2.0 576 FFFFFF FFFFFF FFFFFF FFFFFF c
48 18 1554.19 11.62 19.1  3.5  5.51  0.61 4.6e+12  10.1 1537.05 1571.33 2.0 576 FFFFFF FFFFFF FFFFFF FFFFFF m
48 19 1588.47 11.62 19.2  3.3  5.87  0.54 4.1e+12   9.0 1571.33 1605.60 2.0 576 FFFFFF FFFFFF FFFFFF FFFFFF m
48 20 1623.51 12.68 18.5  3.1  5.98  0.49 3.6e+12   8.0 1605.60 1641.41 2.0 576 FFFFFF FFFFFF FFFFFF FFFFFF m
48 21 1659.32 12.68 18.6  2.9  6.35  0.44 3.3e+12   7.1 1641.41 1677.22 2.0 576 FFFFFF FFFFFF FFFFFF FFFFFF m
48 22 1695.92 13.84 17.9  2.8  6.45  0.39 2.9e+12   6.4 1677.22 1714.62 2.0 576 FFFFFF FFFFFF FFFFFF FFFFFF m
48 23 1733.33 13.84 18.0  2.6  6.82  0.35 2.6e+12   5.7 1714.62 1752.03 2.0 576 FFFFFF FFFFFF FFFFFF FFFFFF m
48 24 1771.56 15.10 17.3  2.5  6.90  0.32 2.4e+12   5.2 1752.03 1791.10 2.0 576 FFFFFF FFFFFF FFFFFF FFFFFF m
48 25 1810.64 15.10 17.4  2.4  7.28  0.29 2.2e+12   4.7 1791.10 1830.17 2.0 576 FFFFFF FFFFFF FFFFFF FFFFFF m
48 26 1850.58 16.48 16.7  2.3  7.33  0.26 2.0e+12   4.3 1830.17 1870.99 2.0 576 FFFFFF FFFFFF FFFFFF FFFFFF m
48 27 1891.40 16.48 16.8  2.2  7.70  0.24 1.8e+12   3.9 1870.99 1911.80 2.0 576 FFFFFF FFFFFF FFFFFF FFFFFF m
48 28 1933.12 17.98 16.1  2.1  7.72  0.22 1.6e+12   3.6 1911.80 1954.44 2.0 576 FFFFFF FFFFFF FFFFFF FFFFFF m
48 29 1975.76 17.98 16.1  2.0  8.06  0.20 1.5e+12   3.3 1954.44 1997.08 2.0 576 FFFFFF FFFFFF FFFFFF FFFFFF m
48 30 2019.34 19.62 15.5  1.9  8.05  0.19 1.4e+12   3.1 1997.08 2041.61 2.0 576 FFFFFF FFFFFF FFFFFF FFFFFF m
48 31 2063.88 19.62 15.5  1.9  8.37  0.17 1.3e+12   2.9 2041.61 2086.15 2.0 576 FFFFFF FFFFFF FFFFFF FFFFFF m
48 32 2109.41 21.41 14.9  1.8  8.32  0.16 1.2e+12   2.7 2086.15 2132.67 2.0 576 FFFFFF FFFFFF FFFFFF FFFFFF m
48 33 2155.94 21.41 14.9  1.7  8.62  0.15 1.1e+12   2.5 2132.67 2179.20 2.0 576 FFFFFF FFFFFF FFFFFF FFFFFF m
48 34 2203.50 23.36 14.3  1.7  8.52  0.14 1.1e+12   2.4 2179.20 2227.80 2.0 576 FFFFFF FFFFFF FFFFFF FFFFFF m
48 35 2252.10 23.36 14.3  1.6  8.79  0.13 1.0e+12   2.3 2227.80 2276.40 2.0 576 FFFFFF FFFFFF FFFFFF FFFFFF m
48 36 2301.78 25.49 13.7  1.6  8.66  0.13 9.5e+11   2.3 2276.40 2327.16 2.0 576 FFFFFF FFFFFF FFFFFF FFFFFF m
48 37 2352.55 25.49 13.7  1.5  8.90  0.12 9.0e+11   2.2 2327.16 2377.93 2.0 576 FFFFFF FFFFFF FFFFFF FFFFFF m
48 38 2404.45 27.82 13.1  1.5  8.75  0.11 8.5e+11   2.2 2377.93 2430.96 2.0 576 FFFFFF FFFFFF FFFFFF FFFFFF m
48 39 2457.48 27.82 13.1  1.5  8.97  0.11 8.1e+11   2.2 2430.96 2483.99 2.0 576 FFFFFF FFFFFF FFFFFF FFFFFF m
48 40 2511.69 30.36 12.6  1.4  8.80  0.10 7.7e+11   2.2 2483.99 2539.39 2.0 576 3FFFFC 3FFFFC 3FFFFC 3FFFFC m
48 41 2567.09 30.36 12.6  1.4  9.03  0.10 7.3e+11   2.3 2539.39 2594.79 2.0 576 3FFFFC 3FFFFC 3FFFFC 3FFFFC m
# 
49 00 1049.40  5.30 91.1 13.7  6.66  9.47 3.5e+13  85.4 1037.83 1060.98 4.0 576 FF00FF FF00FF FF00FF FF00FF c
49 01 1072.55  5.30 91.9 12.9  7.11  8.44 3.2e+13  81.1 1060.98 1084.12 4.0 576 FFFFFF FFFFFF FFFFFF FFFFFF c
49 02 1096.21  5.78 88.8 12.2  7.29  7.50 2.8e+13  76.6 1084.12 1108.30 4.0 576 FFFFFF FFFFFF FFFFFF FFFFFF c
49 03 1120.39  5.78 89.6 11.5  7.80  6.67 2.5e+13  72.1 1108.30 1132.48 4.0 576 FFFFFF FFFFFF FFFFFF FFFFFF c
49 04 1145.10  6.31 86.6 10.8  8.00  5.92 2.2e+13  67.4 1132.48 1157.73 4.0 576 FFFFFF FFFFFF FFFFFF FFFFFF c
49 05 1170.36  6.31 87.5 10.2  8.58  5.26 2.0e+13  62.8 1157.73 1182.99 4.0 576 FFFFFF FFFFFF FFFFFF FFFFFF c
49 06 1196.18  6.89 42.4  6.8  6.23  2.33 1.7e+13  58.2 1182.99 1209.37 2.0 576 FFFFFF FFFFFF FFFFFF FFFFFF c
49 07 1222.56  6.89 42.8  6.4  6.69  2.07 1.5e+13  53.7 1209.37 1235.75 2.0 576 FFFFFF FFFFFF FFFFFF FFFFFF c
49 08 1249.53  7.51 41.4  6.0  6.88  1.83 1.4e+13  49.3 1235.75 1263.31 2.0 576 FFFFFF FFFFFF FFFFFF FFFFFF c
49 09 1277.09  7.51 41.9  5.7  7.39  1.63 1.2e+13  45.1 1263.31 1290.87 2.0 576 FFFFFF FFFFFF FFFFFF FFFFFF c
49 10 1305.26  8.20 40.5  5.3  7.60  1.44 1.1e+13  41.1 1290.87 1319.66 2.0 576 FFFFFF FFFFFF FFFFFF FFFFFF c
49 11 1334.05  8.20 41.0  5.0  8.16  1.28 9.6e+12  37.3 1319.66 1348.45 2.0 576 FFFFFF FFFFFF FFFFFF FFFFFF c
49 12 1363.48  8.95 39.7  4.7  8.38  1.13 8.5e+12  33.7 1348.45 1378.52 2.0 576 FFFFFF FFFFFF FFFFFF FFFFFF c
49 13 1393.56  8.95 40.1  4.5  9.00  1.00 7.5e+12  30.3 1378.52 1408.59 2.0 576 FFFFFF FFFFFF FFFFFF FFFFFF c
49 14 1424.30  9.76 38.8  4.2  9.24  0.89 6.7e+12  27.2 1408.59 1440.00 2.0 576 FFFFFF FFFFFF FFFFFF FFFFFF c
49 15 1455.71  9.76 39.2  4.0  9.91  0.79 5.9e+12  24.4 1440.00 1471.42 2.0 576 FFFFFF FFFFFF FFFFFF FFFFFF c
49 16 1487.83 10.65 37.9  3.7 10.16  0.70 5.3e+12  21.8 1471.42 1504.23 2.0 576 FFFFFF FFFFFF FFFFFF FFFFFF c
49 17 1520.64 10.65 38.2  3.5 10.87  0.62 4.7e+12  19.4 1504.23 1537.05 2.0 576 FFFFFF FFFFFF FFFFFF FFFFFF c
49 18 1554.19 11.62 18.5  3.3  5.57  0.56 4.2e+12  17.3 1537.05 1571.33 2.0 576 FFFFFF FFFFFF FFFFFF FFFFFF m
49 19 1588.47 11.62 18.6  3.1  5.94  0.50 3.7e+12  15.4 1571.33 1605.60 2.0 576 FFFFFF FFFFFF FFFFFF FFFFFF m
49 20 1623.51 12.68 18.0  3.0  6.07  0.44 3.3e+12  13.7 1605.60 1641.41 2.0 576 FFFFFF FFFFFF FFFFFF FFFFFF m
49 21 1659.32 12.68 18.1  2.8  6.47  0.40 3.0e+12  12.2 1641.41 1677.22 2.0 576 FFFFFF FFFFFF FFFFFF FFFFFF m
49 22 1695.92 13.84 17.5  2.6  6.59  0.35 2.7e+12  10.8 1677.22 1714.62 2.0 576 FFFFFF FFFFFF FFFFFF FFFFFF m
49 23 1733.33 13.84 17.6  2.5  6.99  0.32 2.4e+12   9.6 1714.62 1752.03 2.0 576 FFFFFF FFFFFF FFFFFF FFFFFF m
49 24 1771.56 15.10 16.9  2.4  7.10  0.29 2.1e+12   8.6 1752.03 1791.10 2.0 576 FFFFFF FFFFFF FFFFFF FFFFFF m
49 25 1810.64 15.10 17.0  2.3  7.51  0.26 1.9e+12   7.7 1791.10 1830.17 2.0 576 FFFFFF FFFFFF FFFFFF FFFFFF m
49 26 1850.58 16.48 16.4  2.2  7.60  0.23 1.8e+12   6.9 1830.17 1870.99 2.0 576 FFFFFF FFFFFF FFFFFF FFFFFF m
49 27 1891.40 16.48 16.5  2.1  8.01  0.21 1.6e+12   6.2 1870.99 1911.80 2.0 576 FFFFFF FFFFFF FFFFFF FFFFFF m
49 28 1933.12 17.98 15.8  2.0  8.07  0.19 1.5e+12   5.6 1911.80 1954.44 2.0 576 FFFFFF FFFFFF FFFFFF FFFFFF m
49 29 1975.76 17.98 15.9  1.9  8.47  0.18 1.3e+12   5.1 1954.44 1997.08 2.0 576 FFFFFF FFFFFF FFFFFF FFFFFF m
49 30 2019.34 19.62 15.3  1.8  8.49  0.16 1.2e+12   4.7 1997.08 2041.61 2.0 576 FFFFFF FFFFFF FFFFFF FFFFFF m
49 31 2063.88 19.62 15.3  1.7  8.87  0.15 1.1e+12   4.3 2041.61 2086.15 2.0 576 FFFFFF FFFFFF FFFFFF FFFFFF m
49 32 2109.41 21.41 14.7  1.7  8.85  0.14 1.0e+12   4.0 2086.15 2132.67 2.0 576 FFFFFF FFFFFF FFFFFF FFFFFF m
49 33 2155.94 21.41 14.7  1.6  9.20  0.13 9.7e+11   3.7 2132.67 2179.20 2.0 576 FFFFFF FFFFFF FFFFFF FFFFFF m
49 34 2203.50 23.36 14.1  1.5  9.13  0.12 9.1e+11   3.5 2179.20 2227.80 2.0 576 FFFFFF FFFFFF FFFFFF FFFFFF m
49 35 2252.10 23.36 14.2  1.5  9.45  0.11 8.5e+11   3.3 2227.80 2276.40 2.0 576 FFFFFF FFFFFF FFFFFF FFFFFF m
49 36 2301.78 25.49 13.6  1.5  9.33  0.11 8.0e+11   3.2 2276.40 2327.16 2.0 576 FFFFFF FFFFFF FFFFFF FFFFFF m
49 37 2352.55 25.49 13.6  1.4  9.59  0.10 7.6e+11   3.1 2327.16 2377.93 2.0 576 FFFFFF FFFFFF FFFFFF FFFFFF m
49 38 2404.45 27.82 13.0  1.4  9.42  0.10 7.2e+11   3.0 2377.93 2430.96 2.0 576 FFFFFF FFFFFF FFFFFF FFFFFF m
49 39 2457.48 27.82 13.0  1.4  9.64  0.09 6.9e+11   2.9 2430.96 2483.99 2.0 576 FFFFFF FFFFFF FFFFFF FFFFFF m
49 40 2511.69 30.36 12.5  1.3  9.41  0.09 6.6e+11   2.9 2483.99 2539.39 2.0 576 3FFFFC 3FFFFC 3FFFFC 3FFFFC m
49 41 2567.09 30.36 12.5  1.3  9.58  0.09 6.4e+11   2.9 2539.39 2594.79 2.0 576 3FFFFC 3FFFFC 3FFFFC 3FFFFC m
# 
50 00 1049.40  5.30 48.6  9.1  5.32  4.21 3.2e+13  55.4 1037.83 1060.98 2.0 576 FF00FF FF00FF FF00FF FF00FF c
50 01 1072.55  5.30 49.1  8.7  5.66  3.81 2.9e+13  50.9 1060.98 1084.12 2.0 576 FFFFFF FFFFFF FFFFFF FFFFFF c
50 02 1096.21  5.78 47.5  8.3  5.76  3.44 2.6e+13  46.7 1084.12 1108.30 2.0 576 FFFFFF FFFFFF FFFFFF FFFFFF c
50 03 1120.39  5.78 48.1  7.8  6.12  3.11 2.3e+13  42.8 1108.30 1132.48 2.0 576 FFFFFF FFFFFF FFFFFF FFFFFF c
50 04 1145.10  6.31 46.5  7.5  6.23  2.81 2.1e+13  39.1 1132.48 1157.73 2.0 576 FFFFFF FFFFFF FFFFFF FFFFFF c
50 05 1170.36  6.31 46.9  7.1  6.62  2.54 1.9e+13  35.7 1157.73 1182.99 2.0 576 FFFFFF FFFFFF FFFFFF FFFFFF c
50 06 1196.18  6.89 45.4  6.7  6.74  2.29 1.7e+13  32.6 1182.99 1209.37 2.0 576 FFFFFF FFFFFF FFFFFF FFFFFF c
50 07 1222.56  6.89 45.8  6.4  7.16  2.07 1.5e+13  29.7 1209.37 1235.75 2.0 576 FFFFFF FFFFFF FFFFFF FFFFFF c
50 08 1249.53  7.51 44.2  6.1  7.28  1.87 1.4e+13  27.0 1235.75 1263.31 2.0 576 FFFFFF FFFFFF FFFFFF FFFFFF c
50 09 1277.09  7.51 44.6  5.8  7.73  1.68 1.3e+13  24.5 1263.31 1290.87 2.0 576 FFFFFF FFFFFF FFFFFF FFFFFF c
50 10 1305.26  8.20 43.1  5.5  7.86  1.52 1.1e+13  22.3 1290.87 1319.66 2.0 576 FFFFFF FFFFFF FFFFFF FFFFFF c
50 11 1334.05  8.20 43.4  5.2  8.34  1.37 1.0e+13  20.2 1319.66 1348.45 2.0 576 FFFFFF FFFFFF FFFFFF FFFFFF c
50 12 1363.48  8.95 41.9  4.9  8.47  1.24 9.3e+12  18.3 1348.45 1378.52 2.0 576 FFFFFF FFFFFF FFFFFF FFFFFF c
50 13 1393.56  8.95 42.2  4.7  8.99  1.12 8.4e+12  16.6 1378.52 1408.59 2.0 576 FFFFFF FFFFFF FFFFFF FFFFFF c
50 14 1424.30  9.76 40.7  4.5  9.12  1.01 7.5e+12  15.0 1408.59 1440.00 2.0 576 FFFFFF FFFFFF FFFFFF FFFFFF c
50 15 1455.71  9.76 41.0  4.2  9.67  0.91 6.8e+12  13.5 1440.00 1471.42 2.0 576 FFFFFF FFFFFF FFFFFF FFFFFF c
50 16 1487.83 10.65 39.5  4.0  9.81  0.82 6.1e+12  12.2 1471.42 1504.23 2.0 576 FFFFFF FFFFFF FFFFFF FFFFFF c
50 17 1520.64 10.65 39.7  3.8 10.39  0.74 5.5e+12  11.0 1504.23 1537.05 2.0 576 FFFFFF FFFFFF FFFFFF FFFFFF c
50 18 1554.19 11.62 19.1  3.6  5.27  0.67 5.0e+12  10.0 1537.05 1571.33 2.0 576 FFFFFF FFFFFF FFFFFF FFFFFF m
50 19 1588.47 11.62 19.2  3.5  5.57  0.60 4.5e+12   9.0 1571.33 1605.60 2.0 576 FFFFFF FFFFFF FFFFFF FFFFFF m
50 20 1623.51 12.68 18.5  3.3  5.65  0.54 4.1e+12   8.1 1605.60 1641.41 2.0 576 FFFFFF FFFFFF FFFFFF FFFFFF m
50 21 1659.32 12.68 18.6  3.1  5.97  0.49 3.7e+12   7.3 1641.41 1677.22 2.0 576 FFFFFF FFFFFF FFFFFF FFFFFF m
50 22 1695.92 13.84 17.9  3.0  6.04  0.44 3.3e+12   6.6 1677.22 1714.62 2.0 576 FFFFFF FFFFFF FFFFFF FFFFFF m
50 23 1733.33 13.84 18.0  2.8  6.38  0.40 3.0e+12   6.0 1714.62 1752.03 2.0 576 FFFFFF FFFFFF FFFFFF FFFFFF m
50 24 1771.56 15.10 17.3  2.7  6.45  0.36 2.7e+12   5.4 1752.03 1791.10 2.0 576 FFFFFF FFFFFF FFFFFF FFFFFF m
50 25 1810.64 15.10 17.4  2.6  6.80  0.33 2.5e+12   4.9 1791.10 1830.17 2.0 576 FFFFFF FFFFFF FFFFFF FFFFFF m
50 26 1850.58 16.48 16.7  2.4  6.87  0.30 2.2e+12   4.4 1830.17 1870.99 2.0 576 FFFFFF FFFFFF FFFFFF FFFFFF m
50 27 1891.40 16.48 16.8  2.3  7.23  0.27 2.0e+12   4.0 1870.99 1911.80 2.0 576 FFFFFF FFFFFF FFFFFF FFFFFF m
50 28 1933.12 17.98 16.1  2.2  7.29  0.25 1.8e+12   3.6 1911.80 1954.44 2.0 576 FFFFFF FFFFFF FFFFFF FFFFFF m
50 29 1975.76 17.98 16.1  2.1  7.66  0.22 1.7e+12   3.3 1954.44 1997.08 2.0 576 FFFFFF FFFFFF FFFFFF FFFFFF m
50 30 2019.34 19.62 15.5  2.0  7.71  0.20 1.5e+12   3.0 1997.08 2041.61 2.0 576 FFFFFF FFFFFF FFFFFF FFFFFF m
50 31 2063.88 19.62 15.5  1.9  8.09  0.19 1.4e+12   2.7 2041.61 2086.15 2.0 576 FFFFFF FFFFFF FFFFFF FFFFFF m
50 32 2109.41 21.41 14.9  1.8  8.11  0.17 1.3e+12   2.5 2086.15 2132.67 2.0 576 FFFFFF FFFFFF FFFFFF FFFFFF m
50 33 2155.94 21.41 15.0  1.8  8.49  0.16 1.2e+12   2.3 2132.67 2179.20 2.0 576 FFFFFF FFFFFF FFFFFF FFFFFF m
50 34 2203.50 23.36 14.4  1.7  8.49  0.14 1.1e+12   2.1 2179.20 2227.80 2.0 576 FFFFFF FFFFFF FFFFFF FFFFFF m
50 35 2252.10 23.36 14.4  1.6  8.85  0.13 1.0e+12   1.9 2227.80 2276.40 2.0 576 FFFFFF FFFFFF FFFFFF FFFFFF m
50 36 2301.78 25.49 13.8  1.6  8.81  0.12 9.3e+11   1.7 2276.40 2327.16 2.0 576 FFFFFF FFFFFF FFFFFF FFFFFF m
50 37 2352.55 25.49 13.8  1.5  9.14  0.12 8.7e+11   1.6 2327.16 2377.93 2.0 576 FFFFFF FFFFFF FFFFFF FFFFFF m
50 38 2404.45 27.82 13.3  1.5  9.06  0.11 8.1e+11   1.4 2377.93 2430.96 2.0 576 FFFFFF FFFFFF FFFFFF FFFFFF m
50 39 2457.48 27.82 13.3  1.4  9.34  0.10 7.7e+11   1.3 2430.96 2483.99 2.0 576 FFFFFF FFFFFF FFFFFF FFFFFF m
# 
# sipms=240192 big-sipms=111168
