37  0  0 2 F   0 1    -1 -1    -1 -1  2000  4    -1 -1
37  1  0 2 F   0 1    -1 -1    -1 -1  2000  3    -1 -1
37  0  1 2 F   0 1    -1 -1    -1 -1  2001  4    -1 -1
37  1  1 2 F   0 1    -1 -1    -1 -1  2001  3    -1 -1
37  0  2 2 F   0 1    -1 -1    -1 -1  2002  4    -1 -1
37  1  2 2 F   0 1    -1 -1    -1 -1  2002  3    -1 -1
37  0  3 2 F   0 1    -1 -1    -1 -1  2003  4    -1 -1
37  1  3 2 F   0 1    -1 -1    -1 -1  2003  3    -1 -1
37  0  4 2 F   0 1    -1 -1    -1 -1  2004  4    -1 -1
37  1  4 2 F   0 1    -1 -1    -1 -1  2004  3    -1 -1
37  0  5 2 F   0 1    -1 -1    -1 -1  2005  4    -1 -1
37  1  5 2 F   0 1    -1 -1    -1 -1  2005  3    -1 -1
37  0  6 2 F   0 1    -1 -1    -1 -1  2006  4    -1 -1
37  1  6 2 F   0 1    -1 -1    -1 -1  2006  3    -1 -1
37  0  7 2 F   0 1    -1 -1    -1 -1  2007  4    -1 -1
37  1  7 2 F   0 1    -1 -1    -1 -1  2007  3    -1 -1
37  0  8 2 F   0 1    -1 -1    -1 -1  2008  4    -1 -1
37  1  8 2 F   0 1    -1 -1    -1 -1  2008  3    -1 -1
37  0  9 2 F   0 1    -1 -1    -1 -1  2009  4    -1 -1
37  1  9 2 F   0 1    -1 -1    -1 -1  2009  3    -1 -1
37  0 10 2 F   0 1    -1 -1    -1 -1  2010  4    -1 -1
37  1 10 2 F   0 1    -1 -1    -1 -1  2010  3    -1 -1
37  0 11 2 F   0 1    -1 -1    -1 -1  2011  4    -1 -1
37  1 11 2 F   0 1    -1 -1    -1 -1  2011  3    -1 -1
38  0  0 2 F   0 1    -1 -1    -1 -1  2012  4    -1 -1
38  1  0 2 F   0 1    -1 -1    -1 -1  2012  3    -1 -1
38  0  1 2 F   0 1    -1 -1    -1 -1  2013  4    -1 -1
38  1  1 2 F   0 1    -1 -1    -1 -1  2013  3    -1 -1
38  0  2 2 F   0 1    -1 -1    -1 -1  2014  4    -1 -1
38  1  2 2 F   0 1    -1 -1    -1 -1  2014  3    -1 -1
38  0  3 2 F   0 1    -1 -1    -1 -1  2015  4    -1 -1
38  1  3 2 F   0 1    -1 -1    -1 -1  2015  3    -1 -1
38  0  4 2 F   0 1    -1 -1    -1 -1  2016  4    -1 -1
38  1  4 2 F   0 1    -1 -1    -1 -1  2016  3    -1 -1
38  0  5 2 F   0 1    -1 -1    -1 -1  2017  4    -1 -1
38  1  5 2 F   0 1    -1 -1    -1 -1  2017  3    -1 -1
38  0  6 2 F   0 1    -1 -1    -1 -1  2018  4    -1 -1
38  1  6 2 F   0 1    -1 -1    -1 -1  2018  3    -1 -1
38  0  7 2 F   0 1    -1 -1    -1 -1  2019  4    -1 -1
38  1  7 2 F   0 1    -1 -1    -1 -1  2019  3    -1 -1
38  0  8 2 F   0 1    -1 -1    -1 -1  2020  4    -1 -1
38  1  8 2 F   0 1    -1 -1    -1 -1  2020  3    -1 -1
38  0  9 2 F   0 1    -1 -1    -1 -1  2021  4    -1 -1
38  1  9 2 F   0 1    -1 -1    -1 -1  2021  3    -1 -1
38  0 10 2 F   0 1    -1 -1    -1 -1  2022  4    -1 -1
38  1 10 2 F   0 1    -1 -1    -1 -1  2022  3    -1 -1
38  0 11 2 F   0 1    -1 -1    -1 -1  2023  4    -1 -1
38  1 11 2 F   0 1    -1 -1    -1 -1  2023  3    -1 -1
39  0  0 2 F   0 1    -1 -1    -1 -1  2024  4    -1 -1
39  1  0 2 F   0 1    -1 -1    -1 -1  2024  3    -1 -1
39  0  1 2 F   0 1    -1 -1    -1 -1  2025  4    -1 -1
39  1  1 2 F   0 1    -1 -1    -1 -1  2025  3    -1 -1
39  0  2 2 F   0 1    -1 -1    -1 -1  2026  4    -1 -1
39  1  2 2 F   0 1    -1 -1    -1 -1  2026  3    -1 -1
39  0  3 2 F   0 1    -1 -1    -1 -1  2027  4    -1 -1
39  1  3 2 F   0 1    -1 -1    -1 -1  2027  3    -1 -1
39  0  4 2 F   0 1    -1 -1    -1 -1  2028  4    -1 -1
39  1  4 2 F   0 1    -1 -1    -1 -1  2028  3    -1 -1
39  0  5 2 F   0 1    -1 -1    -1 -1  2029  4    -1 -1
39  1  5 2 F   0 1    -1 -1    -1 -1  2029  3    -1 -1
39  0  6 2 F   0 1    -1 -1    -1 -1  2030  4    -1 -1
39  1  6 2 F   0 1    -1 -1    -1 -1  2030  3    -1 -1
39  0  7 2 F   0 1    -1 -1    -1 -1  2031  4    -1 -1
39  1  7 2 F   0 1    -1 -1    -1 -1  2031  3    -1 -1
39  0  8 2 F   0 1    -1 -1    -1 -1  2032  4    -1 -1
39  1  8 2 F   0 1    -1 -1    -1 -1  2032  3    -1 -1
39  0  9 2 F   0 1    -1 -1    -1 -1  2033  4    -1 -1
39  1  9 2 F   0 1    -1 -1    -1 -1  2033  3    -1 -1
39  0 10 2 F   0 1    -1 -1    -1 -1  2034  4    -1 -1
39  1 10 2 F   0 1    -1 -1    -1 -1  2034  3    -1 -1
39  0 11 2 F   0 1    -1 -1    -1 -1  2035  4    -1 -1
39  1 11 2 F   0 1    -1 -1    -1 -1  2035  3    -1 -1
40  0  0 2 F   0 1    -1 -1    -1 -1  2036  4    -1 -1
40  1  0 2 F   0 1    -1 -1    -1 -1  2036  3    -1 -1
40  0  1 2 F   0 1    -1 -1    -1 -1  2037  4    -1 -1
40  1  1 2 F   0 1    -1 -1    -1 -1  2037  3    -1 -1
40  0  2 2 F   0 1    -1 -1    -1 -1  2038  4    -1 -1
40  1  2 2 F   0 1    -1 -1    -1 -1  2038  3    -1 -1
40  0  3 2 F   0 1    -1 -1    -1 -1  2039  4    -1 -1
40  1  3 2 F   0 1    -1 -1    -1 -1  2039  3    -1 -1
40  0  4 2 F   0 1    -1 -1    -1 -1  2040  4    -1 -1
40  1  4 2 F   0 1    -1 -1    -1 -1  2040  3    -1 -1
40  0  5 2 F   0 1    -1 -1    -1 -1  2041  4    -1 -1
40  1  5 2 F   0 1    -1 -1    -1 -1  2041  3    -1 -1
40  0  6 2 F   0 1    -1 -1    -1 -1  2042  4    -1 -1
40  1  6 2 F   0 1    -1 -1    -1 -1  2042  3    -1 -1
40  0  7 2 F   0 1    -1 -1    -1 -1  2043  4    -1 -1
40  1  7 2 F   0 1    -1 -1    -1 -1  2043  3    -1 -1
40  0  8 2 F   0 1    -1 -1    -1 -1  2044  4    -1 -1
40  1  8 2 F   0 1    -1 -1    -1 -1  2044  3    -1 -1
40  0  9 2 F   0 1    -1 -1    -1 -1  2045  4    -1 -1
40  1  9 2 F   0 1    -1 -1    -1 -1  2045  3    -1 -1
40  0 10 2 F   0 1    -1 -1    -1 -1  2046  4    -1 -1
40  1 10 2 F   0 1    -1 -1    -1 -1  2046  3    -1 -1
40  0 11 2 F   0 1    -1 -1    -1 -1  2047  4    -1 -1
40  1 11 2 F   0 1    -1 -1    -1 -1  2047  3    -1 -1
41  0  0 2 F   0 1    -1 -1    -1 -1  2048  4    -1 -1
41  1  0 2 F   0 1    -1 -1    -1 -1  2048  3    -1 -1
41  0  1 2 F   0 1    -1 -1    -1 -1  2049  4    -1 -1
41  1  1 2 F   0 1    -1 -1    -1 -1  2049  3    -1 -1
41  0  2 2 F   0 1    -1 -1    -1 -1  2050  4    -1 -1
41  1  2 2 F   0 1    -1 -1    -1 -1  2050  3    -1 -1
41  0  3 2 F   0 1    -1 -1    -1 -1  2051  4    -1 -1
41  1  3 2 F   0 1    -1 -1    -1 -1  2051  3    -1 -1
41  0  4 2 F   0 1    -1 -1    -1 -1  2052  4    -1 -1
41  1  4 2 F   0 1    -1 -1    -1 -1  2052  3    -1 -1
41  0  5 2 F   0 1    -1 -1    -1 -1  2053  4    -1 -1
41  1  5 2 F   0 1    -1 -1    -1 -1  2053  3    -1 -1
41  0  6 2 F   0 1    -1 -1    -1 -1  2054  4    -1 -1
41  1  6 2 F   0 1    -1 -1    -1 -1  2054  3    -1 -1
41  0  7 2 F   0 1    -1 -1    -1 -1  2055  4    -1 -1
41  1  7 2 F   0 1    -1 -1    -1 -1  2055  3    -1 -1
41  0  8 2 F   0 1    -1 -1    -1 -1  2056  4    -1 -1
41  1  8 2 F   0 1    -1 -1    -1 -1  2056  3    -1 -1
41  0  9 2 F   0 1    -1 -1    -1 -1  2057  4    -1 -1
41  1  9 2 F   0 1    -1 -1    -1 -1  2057  3    -1 -1
41  0 10 2 F   0 1    -1 -1    -1 -1  2058  4    -1 -1
41  1 10 2 F   0 1    -1 -1    -1 -1  2058  3    -1 -1
41  0 11 2 F   0 1    -1 -1    -1 -1  2059  4    -1 -1
41  1 11 2 F   0 1    -1 -1    -1 -1  2059  3    -1 -1
42  0  0 2 F   0 1    -1 -1    -1 -1  2060  4    -1 -1
42  1  0 2 F   0 1    -1 -1    -1 -1  2060  3    -1 -1
42  0  1 2 F   0 1    -1 -1    -1 -1  2061  4    -1 -1
42  1  1 2 F   0 1    -1 -1    -1 -1  2061  3    -1 -1
42  0  2 2 F   0 1    -1 -1    -1 -1  2062  4    -1 -1
42  1  2 2 F   0 1    -1 -1    -1 -1  2062  3    -1 -1
42  0  3 2 F   0 1    -1 -1    -1 -1  2063  4    -1 -1
42  1  3 2 F   0 1    -1 -1    -1 -1  2063  3    -1 -1
42  0  4 2 F   0 1    -1 -1    -1 -1  2064  4    -1 -1
42  1  4 2 F   0 1    -1 -1    -1 -1  2064  3    -1 -1
42  0  5 2 F   0 1    -1 -1    -1 -1  2065  4    -1 -1
42  1  5 2 F   0 1    -1 -1    -1 -1  2065  3    -1 -1
42  0  6 2 F   0 1    -1 -1    -1 -1  2066  4    -1 -1
42  1  6 2 F   0 1    -1 -1    -1 -1  2066  3    -1 -1
42  0  7 2 F   0 1    -1 -1    -1 -1  2067  4    -1 -1
42  1  7 2 F   0 1    -1 -1    -1 -1  2067  3    -1 -1
42  0  8 2 F   0 1    -1 -1    -1 -1  2068  4    -1 -1
42  1  8 2 F   0 1    -1 -1    -1 -1  2068  3    -1 -1
42  0  9 2 F   0 1    -1 -1    -1 -1  2069  4    -1 -1
42  1  9 2 F   0 1    -1 -1    -1 -1  2069  3    -1 -1
42  0 10 2 F   0 1    -1 -1    -1 -1  2070  4    -1 -1
42  1 10 2 F   0 1    -1 -1    -1 -1  2070  3    -1 -1
42  0 11 2 F   0 1    -1 -1    -1 -1  2071  4    -1 -1
42  1 11 2 F   0 1    -1 -1    -1 -1  2071  3    -1 -1
43  0  0 2 F   0 1    -1 -1    -1 -1  2072  4    -1 -1
43  1  0 2 F   0 1    -1 -1    -1 -1  2072  3    -1 -1
43  0  1 2 F   0 1    -1 -1    -1 -1  2073  4    -1 -1
43  1  1 2 F   0 1    -1 -1    -1 -1  2073  3    -1 -1
43  0  2 2 F   0 1    -1 -1    -1 -1  2074  4    -1 -1
43  1  2 2 F   0 1    -1 -1    -1 -1  2074  3    -1 -1
43  0  3 2 F   0 1    -1 -1    -1 -1  2075  4    -1 -1
43  1  3 2 F   0 1    -1 -1    -1 -1  2075  3    -1 -1
43  0  4 2 F   0 1    -1 -1    -1 -1  2076  4    -1 -1
43  1  4 2 F   0 1    -1 -1    -1 -1  2076  3    -1 -1
43  0  5 2 F   0 1    -1 -1    -1 -1  2077  4    -1 -1
43  1  5 2 F   0 1    -1 -1    -1 -1  2077  3    -1 -1
43  0  6 2 F   0 1    -1 -1    -1 -1  2078  4    -1 -1
43  1  6 2 F   0 1    -1 -1    -1 -1  2078  3    -1 -1
43  0  7 2 F   0 1    -1 -1    -1 -1  2079  4    -1 -1
43  1  7 2 F   0 1    -1 -1    -1 -1  2079  3    -1 -1
43  0  8 2 F   0 1    -1 -1    -1 -1  2080  4    -1 -1
43  1  8 2 F   0 1    -1 -1    -1 -1  2080  3    -1 -1
43  0  9 2 F   0 1    -1 -1    -1 -1  2081  4    -1 -1
43  1  9 2 F   0 1    -1 -1    -1 -1  2081  3    -1 -1
43  0 10 2 F   0 1    -1 -1    -1 -1  2082  4    -1 -1
43  1 10 2 F   0 1    -1 -1    -1 -1  2082  3    -1 -1
43  0 11 2 F   0 1    -1 -1    -1 -1  2083  4    -1 -1
43  1 11 2 F   0 1    -1 -1    -1 -1  2083  3    -1 -1
44  0  0 2 F   0 1    -1 -1    -1 -1  2084  4    -1 -1
44  1  0 2 F   0 1    -1 -1    -1 -1  2084  3    -1 -1
44  0  1 2 F   0 1    -1 -1    -1 -1  2085  4    -1 -1
44  1  1 2 F   0 1    -1 -1    -1 -1  2085  3    -1 -1
44  0  2 2 F   0 1    -1 -1    -1 -1  2086  4    -1 -1
44  1  2 2 F   0 1    -1 -1    -1 -1  2086  3    -1 -1
44  0  3 2 F   0 1    -1 -1    -1 -1  2087  4    -1 -1
44  1  3 2 F   0 1    -1 -1    -1 -1  2087  3    -1 -1
44  0  4 2 F   0 1    -1 -1    -1 -1  2088  4    -1 -1
44  1  4 2 F   0 1    -1 -1    -1 -1  2088  3    -1 -1
44  0  5 2 F   0 1    -1 -1    -1 -1  2089  4    -1 -1
44  1  5 2 F   0 1    -1 -1    -1 -1  2089  3    -1 -1
44  0  6 2 F   0 1    -1 -1    -1 -1  2090  4    -1 -1
44  1  6 2 F   0 1    -1 -1    -1 -1  2090  3    -1 -1
44  0  7 2 F   0 1    -1 -1    -1 -1  2091  4    -1 -1
44  1  7 2 F   0 1    -1 -1    -1 -1  2091  3    -1 -1
44  0  8 2 F   0 1    -1 -1    -1 -1  2092  4    -1 -1
44  1  8 2 F   0 1    -1 -1    -1 -1  2092  3    -1 -1
44  0  9 2 F   0 1    -1 -1    -1 -1  2093  4    -1 -1
44  1  9 2 F   0 1    -1 -1    -1 -1  2093  3    -1 -1
44  0 10 2 F   0 1    -1 -1    -1 -1  2094  4    -1 -1
44  1 10 2 F   0 1    -1 -1    -1 -1  2094  3    -1 -1
44  0 11 2 F   0 1    -1 -1    -1 -1  2095  4    -1 -1
44  1 11 2 F   0 1    -1 -1    -1 -1  2095  3    -1 -1
45  0  0 2 F   0 1    -1 -1    -1 -1  2096  4    -1 -1
45  1  0 2 F   0 1    -1 -1    -1 -1  2096  3    -1 -1
45  0  1 2 F   0 1    -1 -1    -1 -1  2097  4    -1 -1
45  1  1 2 F   0 1    -1 -1    -1 -1  2097  3    -1 -1
45  0  2 2 F   0 1    -1 -1    -1 -1  2098  4    -1 -1
45  1  2 2 F   0 1    -1 -1    -1 -1  2098  3    -1 -1
45  0  3 2 F   0 1    -1 -1    -1 -1  2099  4    -1 -1
45  1  3 2 F   0 1    -1 -1    -1 -1  2099  3    -1 -1
45  0  4 2 F   0 1    -1 -1    -1 -1  2100  4    -1 -1
45  1  4 2 F   0 1    -1 -1    -1 -1  2100  3    -1 -1
45  0  5 2 F   0 1    -1 -1    -1 -1  2101  4    -1 -1
45  1  5 2 F   0 1    -1 -1    -1 -1  2101  3    -1 -1
45  0  6 2 F   0 1    -1 -1    -1 -1  2102  4    -1 -1
45  1  6 2 F   0 1    -1 -1    -1 -1  2102  3    -1 -1
45  0  7 2 F   0 1    -1 -1    -1 -1  2103  4    -1 -1
45  1  7 2 F   0 1    -1 -1    -1 -1  2103  3    -1 -1
45  0  8 2 F   0 1    -1 -1    -1 -1  2104  4    -1 -1
45  1  8 2 F   0 1    -1 -1    -1 -1  2104  3    -1 -1
45  0  9 2 F   0 1    -1 -1    -1 -1  2105  4    -1 -1
45  1  9 2 F   0 1    -1 -1    -1 -1  2105  3    -1 -1
45  0 10 2 F   0 1    -1 -1    -1 -1  2106  4    -1 -1
45  1 10 2 F   0 1    -1 -1    -1 -1  2106  3    -1 -1
45  0 11 2 F   0 1    -1 -1    -1 -1  2107  4    -1 -1
45  1 11 2 F   0 1    -1 -1    -1 -1  2107  3    -1 -1
46  0  0 2 F   0 1    -1 -1    -1 -1  2108  4    -1 -1
46  1  0 2 F   0 1    -1 -1    -1 -1  2108  3    -1 -1
46  0  1 2 F   0 1    -1 -1    -1 -1  2109  4    -1 -1
46  1  1 2 F   0 1    -1 -1    -1 -1  2109  3    -1 -1
46  0  2 2 F   0 1    -1 -1    -1 -1  2110  4    -1 -1
46  1  2 2 F   0 1    -1 -1    -1 -1  2110  3    -1 -1
46  0  3 2 F   0 1    -1 -1    -1 -1  2111  4    -1 -1
46  1  3 2 F   0 1    -1 -1    -1 -1  2111  3    -1 -1
46  0  4 2 F   0 1    -1 -1    -1 -1  2112  4    -1 -1
46  1  4 2 F   0 1    -1 -1    -1 -1  2112  3    -1 -1
46  0  5 2 F   0 1    -1 -1    -1 -1  2113  4    -1 -1
46  1  5 2 F   0 1    -1 -1    -1 -1  2113  3    -1 -1
46  0  6 2 F   0 1    -1 -1    -1 -1  2114  4    -1 -1
46  1  6 2 F   0 1    -1 -1    -1 -1  2114  3    -1 -1
46  0  7 2 F   0 1    -1 -1    -1 -1  2115  4    -1 -1
46  1  7 2 F   0 1    -1 -1    -1 -1  2115  3    -1 -1
46  0  8 2 F   0 1    -1 -1    -1 -1  2116  4    -1 -1
46  1  8 2 F   0 1    -1 -1    -1 -1  2116  3    -1 -1
46  0  9 2 F   0 1    -1 -1    -1 -1  2117  4    -1 -1
46  1  9 2 F   0 1    -1 -1    -1 -1  2117  3    -1 -1
46  0 10 2 F   0 1    -1 -1    -1 -1  2118  4    -1 -1
46  1 10 2 F   0 1    -1 -1    -1 -1  2118  3    -1 -1
46  0 11 2 F   0 1    -1 -1    -1 -1  2119  4    -1 -1
46  1 11 2 F   0 1    -1 -1    -1 -1  2119  3    -1 -1
47  0  0 2 F   0 1    -1 -1    -1 -1  2120  4    -1 -1
47  1  0 2 F   0 1    -1 -1    -1 -1  2120  3    -1 -1
47  0  1 2 F   0 1    -1 -1    -1 -1  2121  4    -1 -1
47  1  1 2 F   0 1    -1 -1    -1 -1  2121  3    -1 -1
47  0  2 2 F   0 1    -1 -1    -1 -1  2122  4    -1 -1
47  1  2 2 F   0 1    -1 -1    -1 -1  2122  3    -1 -1
47  0  3 2 F   0 1    -1 -1    -1 -1  2123  4    -1 -1
47  1  3 2 F   0 1    -1 -1    -1 -1  2123  3    -1 -1
47  0  4 2 F   0 1    -1 -1    -1 -1  2124  4    -1 -1
47  1  4 2 F   0 1    -1 -1    -1 -1  2124  3    -1 -1
47  0  5 2 F   0 1    -1 -1    -1 -1  2125  4    -1 -1
47  1  5 2 F   0 1    -1 -1    -1 -1  2125  3    -1 -1
47  0  6 2 F   0 1    -1 -1    -1 -1  2126  4    -1 -1
47  1  6 2 F   0 1    -1 -1    -1 -1  2126  3    -1 -1
47  0  7 2 F   0 1    -1 -1    -1 -1  2127  4    -1 -1
47  1  7 2 F   0 1    -1 -1    -1 -1  2127  3    -1 -1
47  0  8 2 F   0 1    -1 -1    -1 -1  2128  4    -1 -1
47  1  8 2 F   0 1    -1 -1    -1 -1  2128  3    -1 -1
47  0  9 2 F   0 1    -1 -1    -1 -1  2129  4    -1 -1
47  1  9 2 F   0 1    -1 -1    -1 -1  2129  3    -1 -1
47  0 10 2 F   0 1    -1 -1    -1 -1  2130  4    -1 -1
47  1 10 2 F   0 1    -1 -1    -1 -1  2130  3    -1 -1
47  0 11 2 F   0 1    -1 -1    -1 -1  2131  4    -1 -1
47  1 11 2 F   0 1    -1 -1    -1 -1  2131  3    -1 -1
48  0  0 2 F   0 1    -1 -1    -1 -1  2132  4    -1 -1
48  1  0 2 F   0 1    -1 -1    -1 -1  2132  3    -1 -1
48  0  1 2 F   0 1    -1 -1    -1 -1  2133  4    -1 -1
48  1  1 2 F   0 1    -1 -1    -1 -1  2133  3    -1 -1
48  0  2 2 F   0 1    -1 -1    -1 -1  2134  4    -1 -1
48  1  2 2 F   0 1    -1 -1    -1 -1  2134  3    -1 -1
48  0  3 2 F   0 1    -1 -1    -1 -1  2135  4    -1 -1
48  1  3 2 F   0 1    -1 -1    -1 -1  2135  3    -1 -1
48  0  4 2 F   0 1    -1 -1    -1 -1  2136  4    -1 -1
48  1  4 2 F   0 1    -1 -1    -1 -1  2136  3    -1 -1
48  0  5 2 F   0 1    -1 -1    -1 -1  2137  4    -1 -1
48  1  5 2 F   0 1    -1 -1    -1 -1  2137  3    -1 -1
48  0  6 2 F   0 1    -1 -1    -1 -1  2138  4    -1 -1
48  1  6 2 F   0 1    -1 -1    -1 -1  2138  3    -1 -1
48  0  7 2 F   0 1    -1 -1    -1 -1  2139  4    -1 -1
48  1  7 2 F   0 1    -1 -1    -1 -1  2139  3    -1 -1
48  0  8 2 F   0 1    -1 -1    -1 -1  2140  4    -1 -1
48  1  8 2 F   0 1    -1 -1    -1 -1  2140  3    -1 -1
48  0  9 2 F   0 1    -1 -1    -1 -1  2141  4    -1 -1
48  1  9 2 F   0 1    -1 -1    -1 -1  2141  3    -1 -1
48  0 10 2 F   0 1    -1 -1    -1 -1  2142  4    -1 -1
48  1 10 2 F   0 1    -1 -1    -1 -1  2142  3    -1 -1
48  0 11 2 F   0 1    -1 -1    -1 -1  2143  4    -1 -1
48  1 11 2 F   0 1    -1 -1    -1 -1  2143  3    -1 -1
49  0  0 2 F   0 1    -1 -1    -1 -1  2144  4    -1 -1
49  1  0 2 F   0 1    -1 -1    -1 -1  2144  3    -1 -1
49  0  1 2 F   0 1    -1 -1    -1 -1  2145  4    -1 -1
49  1  1 2 F   0 1    -1 -1    -1 -1  2145  3    -1 -1
49  0  2 2 F   0 1    -1 -1    -1 -1  2146  4    -1 -1
49  1  2 2 F   0 1    -1 -1    -1 -1  2146  3    -1 -1
49  0  3 2 F   0 1    -1 -1    -1 -1  2147  4    -1 -1
49  1  3 2 F   0 1    -1 -1    -1 -1  2147  3    -1 -1
49  0  4 2 F   0 1    -1 -1    -1 -1  2148  4    -1 -1
49  1  4 2 F   0 1    -1 -1    -1 -1  2148  3    -1 -1
49  0  5 2 F   0 1    -1 -1    -1 -1  2149  4    -1 -1
49  1  5 2 F   0 1    -1 -1    -1 -1  2149  3    -1 -1
49  0  6 2 F   0 1    -1 -1    -1 -1  2150  4    -1 -1
49  1  6 2 F   0 1    -1 -1    -1 -1  2150  3    -1 -1
49  0  7 2 F   0 1    -1 -1    -1 -1  2151  4    -1 -1
49  1  7 2 F   0 1    -1 -1    -1 -1  2151  3    -1 -1
49  0  8 2 F   0 1    -1 -1    -1 -1  2152  4    -1 -1
49  1  8 2 F   0 1    -1 -1    -1 -1  2152  3    -1 -1
49  0  9 2 F   0 1    -1 -1    -1 -1  2153  4    -1 -1
49  1  9 2 F   0 1    -1 -1    -1 -1  2153  3    -1 -1
49  0 10 2 F   0 1    -1 -1    -1 -1  2154  4    -1 -1
49  1 10 2 F   0 1    -1 -1    -1 -1  2154  3    -1 -1
49  0 11 2 F   0 1    -1 -1    -1 -1  2155  4    -1 -1
49  1 11 2 F   0 1    -1 -1    -1 -1  2155  3    -1 -1
50  0  0 2 F   0 1    -1 -1    -1 -1  2156  4    -1 -1
50  1  0 2 F   0 1    -1 -1    -1 -1  2156  3    -1 -1
50  0  1 2 F   0 1    -1 -1    -1 -1  2157  4    -1 -1
50  1  1 2 F   0 1    -1 -1    -1 -1  2157  3    -1 -1
50  0  2 2 F   0 1    -1 -1    -1 -1  2158  4    -1 -1
50  1  2 2 F   0 1    -1 -1    -1 -1  2158  3    -1 -1
50  0  3 2 F   0 1    -1 -1    -1 -1  2159  4    -1 -1
50  1  3 2 F   0 1    -1 -1    -1 -1  2159  3    -1 -1
50  0  4 2 F   0 1    -1 -1    -1 -1  2160  4    -1 -1
50  1  4 2 F   0 1    -1 -1    -1 -1  2160  3    -1 -1
50  0  5 2 F   0 1    -1 -1    -1 -1  2161  4    -1 -1
50  1  5 2 F   0 1    -1 -1    -1 -1  2161  3    -1 -1
50  0  6 2 F   0 1    -1 -1    -1 -1  2162  4    -1 -1
50  1  6 2 F   0 1    -1 -1    -1 -1  2162  3    -1 -1
50  0  7 2 F   0 1    -1 -1    -1 -1  2163  4    -1 -1
50  1  7 2 F   0 1    -1 -1    -1 -1  2163  3    -1 -1
50  0  8 2 F   0 1    -1 -1    -1 -1  2164  4    -1 -1
50  1  8 2 F   0 1    -1 -1    -1 -1  2164  3    -1 -1
50  0  9 2 F   0 1    -1 -1    -1 -1  2165  4    -1 -1
50  1  9 2 F   0 1    -1 -1    -1 -1  2165  3    -1 -1
50  0 10 2 F   0 1    -1 -1    -1 -1  2166  4    -1 -1
50  1 10 2 F   0 1    -1 -1    -1 -1  2166  3    -1 -1
50  0 11 2 F   0 1    -1 -1    -1 -1  2167  4    -1 -1
50  1 11 2 F   0 1    -1 -1    -1 -1  2167  3    -1 -1
