37 15  0  2 G   1 1  2000  5    -1 -1  2000  7    -1 -1
37 15  1  2 F   1 1  2001  5    -1 -1  2001  7    -1 -1
37 15  2  2 H   1 1  2002  5    -1 -1  2002  7    -1 -1
37 15  3  2 G   1 1  2003  5    -1 -1  2003  7    -1 -1
37 15  4  2 F   1 1  2004  5    -1 -1  2004  7    -1 -1
37 15  5  2 H   1 1  2005  5    -1 -1  2005  7    -1 -1
37 15  6  2 G   1 1  2006  5    -1 -1  2006  7    -1 -1
37 15  7  2 F   1 1  2007  5    -1 -1  2007  7    -1 -1
37 15  8  2 H   1 1  2008  5    -1 -1  2008  7    -1 -1
37 15  9  2 G   1 1  2009  5    -1 -1  2009  7    -1 -1
37 15 10  2 F   1 1  2010  5    -1 -1  2010  7    -1 -1
37 15 11  2 H   1 1  2011  5    -1 -1  2011  7    -1 -1
38 15  0  3 I   1 1  2012  5    -1 -1  2012  7    -1 -1
38 15  1  3 F   1 1  2013  5    -1 -1  2013  7    -1 -1
38 15  2  3 J   1 1  2014  5    -1 -1  2014  7    -1 -1
38 15  3  3 I   1 1  2015  5    -1 -1  2015  7    -1 -1
38 15  4  3 F   1 1  2016  5    -1 -1  2016  7    -1 -1
38 15  5  3 J   1 1  2017  5    -1 -1  2017  7    -1 -1
38 15  6  3 I   1 1  2018  5    -1 -1  2018  7    -1 -1
38 15  7  3 F   1 1  2019  5    -1 -1  2019  7    -1 -1
38 15  8  3 J   1 1  2020  5    -1 -1  2020  7    -1 -1
38 15  9  3 I   1 1  2021  5    -1 -1  2021  7    -1 -1
38 15 10  3 F   1 1  2022  5    -1 -1  2022  7    -1 -1
38 15 11  3 J   1 1  2023  5    -1 -1  2023  7    -1 -1
39 15  0  4 C   1 1  2024  5    -1 -1  2024  7    -1 -1
39 15  1  4 F   1 1  2025  5    -1 -1  2025  7    -1 -1
39 15  2  4 D   1 1  2026  5    -1 -1  2026  7    -1 -1
39 15  3  4 C   1 1  2027  5    -1 -1  2027  7    -1 -1
39 15  4  4 F   1 1  2028  5    -1 -1  2028  7    -1 -1
39 15  5  4 D   1 1  2029  5    -1 -1  2029  7    -1 -1
39 15  6  4 C   1 1  2030  5    -1 -1  2030  7    -1 -1
39 15  7  4 F   1 1  2031  5    -1 -1  2031  7    -1 -1
39 15  8  4 D   1 1  2032  5    -1 -1  2032  7    -1 -1
39 15  9  4 C   1 1  2033  5    -1 -1  2033  7    -1 -1
39 15 10  4 F   1 1  2034  5    -1 -1  2034  7    -1 -1
39 15 11  4 D   1 1  2035  5    -1 -1  2035  7    -1 -1
40 15  0  5 A   1 1  2036  5    -1 -1  2036  7    -1 -1
40 15  1  5 F   1 1  2037  5    -1 -1  2037  7    -1 -1
40 15  2  5 B   1 1  2038  5    -1 -1  2038  7    -1 -1
40 15  3  5 A   1 1  2039  5    -1 -1  2039  7    -1 -1
40 15  4  5 F   1 1  2040  5    -1 -1  2040  7    -1 -1
40 15  5  5 B   1 1  2041  5    -1 -1  2041  7    -1 -1
40 15  6  5 A   1 1  2042  5    -1 -1  2042  7    -1 -1
40 15  7  5 F   1 1  2043  5    -1 -1  2043  7    -1 -1
40 15  8  5 B   1 1  2044  5    -1 -1  2044  7    -1 -1
40 15  9  5 A   1 1  2045  5    -1 -1  2045  7    -1 -1
40 15 10  5 F   1 1  2046  5    -1 -1  2046  7    -1 -1
40 15 11  5 B   1 1  2047  5    -1 -1  2047  7    -1 -1
41 15  0  6 C   1 1  2048  5    -1 -1  2048  7    -1 -1
41 15  1  6 F   1 1  2049  5    -1 -1  2049  7    -1 -1
41 15  2  6 D   1 1  2050  5    -1 -1  2050  7    -1 -1
41 15  3  6 C   1 1  2051  5    -1 -1  2051  7    -1 -1
41 15  4  6 F   1 1  2052  5    -1 -1  2052  7    -1 -1
41 15  5  6 D   1 1  2053  5    -1 -1  2053  7    -1 -1
41 15  6  6 C   1 1  2054  5    -1 -1  2054  7    -1 -1
41 15  7  6 F   1 1  2055  5    -1 -1  2055  7    -1 -1
41 15  8  6 D   1 1  2056  5    -1 -1  2056  7    -1 -1
41 15  9  6 C   1 1  2057  5    -1 -1  2057  7    -1 -1
41 15 10  6 F   1 1  2058  5    -1 -1  2058  7    -1 -1
41 15 11  6 D   1 1  2059  5    -1 -1  2059  7    -1 -1
42 15  0  7 C   1 1  2060  5    -1 -1  2060  7    -1 -1
42 15  1  7 F   1 1  2061  5    -1 -1  2061  7    -1 -1
42 15  2  7 D   1 1  2062  5    -1 -1  2062  7    -1 -1
42 15  3  7 C   1 1  2063  5    -1 -1  2063  7    -1 -1
42 15  4  7 F   1 1  2064  5    -1 -1  2064  7    -1 -1
42 15  5  7 D   1 1  2065  5    -1 -1  2065  7    -1 -1
42 15  6  7 C   1 1  2066  5    -1 -1  2066  7    -1 -1
42 15  7  7 F   1 1  2067  5    -1 -1  2067  7    -1 -1
42 15  8  7 D   1 1  2068  5    -1 -1  2068  7    -1 -1
42 15  9  7 C   1 1  2069  5    -1 -1  2069  7    -1 -1
42 15 10  7 F   1 1  2070  5    -1 -1  2070  7    -1 -1
42 15 11  7 D   1 1  2071  5    -1 -1  2071  7    -1 -1
43 15  0  8 c   1 1  2072  5    -1 -1  2072  7    -1 -1
43 15  1  8 f   1 1  2073  5    -1 -1  2073  7    -1 -1
43 15  2  8 D   1 1  2074  5    -1 -1  2074  7    -1 -1
43 15  3  8 C   1 1  2075  5    -1 -1  2075  7    -1 -1
43 15  4  8 f   1 1  2076  5    -1 -1  2076  7    -1 -1
43 15  5  8 d   1 1  2077  5    -1 -1  2077  7    -1 -1
43 15  6  8 c   1 1  2078  5    -1 -1  2078  7    -1 -1
43 15  7  8 f   1 1  2079  5    -1 -1  2079  7    -1 -1
43 15  8  8 D   1 1  2080  5    -1 -1  2080  7    -1 -1
43 15  9  8 C   1 1  2081  5    -1 -1  2081  7    -1 -1
43 15 10  8 f   1 1  2082  5    -1 -1  2082  7    -1 -1
43 15 11  8 d   1 1  2083  5    -1 -1  2083  7    -1 -1
44 15  0  9 a   1 1  2084  5    -1 -1  2084  7    -1 -1
44 15  1  9 f   1 1  2085  5    -1 -1  2085  7    -1 -1
44 15  2  9 B   1 1  2086  5    -1 -1  2086  7    -1 -1
44 15  3  9 A   1 1  2087  5    -1 -1  2087  7    -1 -1
44 15  4  9 f   1 1  2088  5    -1 -1  2088  7    -1 -1
44 15  5  9 b   1 1  2089  5    -1 -1  2089  7    -1 -1
44 15  6  9 a   1 1  2090  5    -1 -1  2090  7    -1 -1
44 15  7  9 f   1 1  2091  5    -1 -1  2091  7    -1 -1
44 15  8  9 B   1 1  2092  5    -1 -1  2092  7    -1 -1
44 15  9  9 A   1 1  2093  5    -1 -1  2093  7    -1 -1
44 15 10  9 f   1 1  2094  5    -1 -1  2094  7    -1 -1
44 15 11  9 b   1 1  2095  5    -1 -1  2095  7    -1 -1
45 15  0  9 a   1 1  2096  5    -1 -1  2096  7    -1 -1
45 15  1  9 f   1 1  2097  5    -1 -1  2097  7    -1 -1
45 15  2  9 B   1 1  2098  5    -1 -1  2098  7    -1 -1
45 15  3  9 A   1 1  2099  5    -1 -1  2099  7    -1 -1
45 15  4  9 f   1 1  2100  5    -1 -1  2100  7    -1 -1
45 15  5  9 b   1 1  2101  5    -1 -1  2101  7    -1 -1
45 15  6  9 a   1 1  2102  5    -1 -1  2102  7    -1 -1
45 15  7  9 f   1 1  2103  5    -1 -1  2103  7    -1 -1
45 15  8  9 B   1 1  2104  5    -1 -1  2104  7    -1 -1
45 15  9  9 A   1 1  2105  5    -1 -1  2105  7    -1 -1
45 15 10  9 f   1 1  2106  5    -1 -1  2106  7    -1 -1
45 15 11  9 b   1 1  2107  5    -1 -1  2107  7    -1 -1
46 15  0  9 a   1 1  2108  5    -1 -1  2108  7    -1 -1
46 15  1  9 f   1 1  2109  5    -1 -1  2109  7    -1 -1
46 15  2  9 B   1 1  2110  5    -1 -1  2110  7    -1 -1
46 15  3  9 A   1 1  2111  5    -1 -1  2111  7    -1 -1
46 15  4  9 f   1 1  2112  5    -1 -1  2112  7    -1 -1
46 15  5  9 b   1 1  2113  5    -1 -1  2113  7    -1 -1
46 15  6  9 a   1 1  2114  5    -1 -1  2114  7    -1 -1
46 15  7  9 f   1 1  2115  5    -1 -1  2115  7    -1 -1
46 15  8  9 B   1 1  2116  5    -1 -1  2116  7    -1 -1
46 15  9  9 A   1 1  2117  5    -1 -1  2117  7    -1 -1
46 15 10  9 f   1 1  2118  5    -1 -1  2118  7    -1 -1
46 15 11  9 b   1 1  2119  5    -1 -1  2119  7    -1 -1
47 15  0 10 A   1 1  2120  5    -1 -1  2120  7    -1 -1
47 15  1 10 f   1 1  2121  5    -1 -1  2121  7    -1 -1
47 15  2 10 B   1 1  2122  5    -1 -1  2122  7    -1 -1
47 15  3 10 A   1 1  2123  5    -1 -1  2123  7    -1 -1
47 15  4 10 f   1 1  2124  5    -1 -1  2124  7    -1 -1
47 15  5 10 B   1 1  2125  5    -1 -1  2125  7    -1 -1
47 15  6 10 A   1 1  2126  5    -1 -1  2126  7    -1 -1
47 15  7 10 f   1 1  2127  5    -1 -1  2127  7    -1 -1
47 15  8 10 B   1 1  2128  5    -1 -1  2128  7    -1 -1
47 15  9 10 A   1 1  2129  5    -1 -1  2129  7    -1 -1
47 15 10 10 f   1 1  2130  5    -1 -1  2130  7    -1 -1
47 15 11 10 B   1 1  2131  5    -1 -1  2131  7    -1 -1
48 15  0 10 A   1 1  2132  5    -1 -1  2132  7    -1 -1
48 15  1 10 f   1 1  2133  5    -1 -1  2133  7    -1 -1
48 15  2 10 B   1 1  2134  5    -1 -1  2134  7    -1 -1
48 15  3 10 A   1 1  2135  5    -1 -1  2135  7    -1 -1
48 15  4 10 f   1 1  2136  5    -1 -1  2136  7    -1 -1
48 15  5 10 B   1 1  2137  5    -1 -1  2137  7    -1 -1
48 15  6 10 A   1 1  2138  5    -1 -1  2138  7    -1 -1
48 15  7 10 f   1 1  2139  5    -1 -1  2139  7    -1 -1
48 15  8 10 B   1 1  2140  5    -1 -1  2140  7    -1 -1
48 15  9 10 A   1 1  2141  5    -1 -1  2141  7    -1 -1
48 15 10 10 f   1 1  2142  5    -1 -1  2142  7    -1 -1
48 15 11 10 B   1 1  2143  5    -1 -1  2143  7    -1 -1
49 15  0 10 A   1 1  2144  5    -1 -1  2144  7    -1 -1
49 15  1 10 f   1 1  2145  5    -1 -1  2145  7    -1 -1
49 15  2 10 B   1 1  2146  5    -1 -1  2146  7    -1 -1
49 15  3 10 A   1 1  2147  5    -1 -1  2147  7    -1 -1
49 15  4 10 f   1 1  2148  5    -1 -1  2148  7    -1 -1
49 15  5 10 B   1 1  2149  5    -1 -1  2149  7    -1 -1
49 15  6 10 A   1 1  2150  5    -1 -1  2150  7    -1 -1
49 15  7 10 f   1 1  2151  5    -1 -1  2151  7    -1 -1
49 15  8 10 B   1 1  2152  5    -1 -1  2152  7    -1 -1
49 15  9 10 A   1 1  2153  5    -1 -1  2153  7    -1 -1
49 15 10 10 f   1 1  2154  5    -1 -1  2154  7    -1 -1
49 15 11 10 B   1 1  2155  5    -1 -1  2155  7    -1 -1
50 15  0 11 F   1 1  2156  5    -1 -1  2156  7    -1 -1
50 15  1 11 f   1 1  2157  5    -1 -1  2157  7    -1 -1
50 15  2 11 F   1 1  2158  5    -1 -1  2158  7    -1 -1
50 15  3 11 F   1 1  2159  5    -1 -1  2159  7    -1 -1
50 15  4 11 f   1 1  2160  5    -1 -1  2160  7    -1 -1
50 15  5 11 F   1 1  2161  5    -1 -1  2161  7    -1 -1
50 15  6 11 F   1 1  2162  5    -1 -1  2162  7    -1 -1
50 15  7 11 f   1 1  2163  5    -1 -1  2163  7    -1 -1
50 15  8 11 F   1 1  2164  5    -1 -1  2164  7    -1 -1
50 15  9 11 F   1 1  2165  5    -1 -1  2165  7    -1 -1
50 15 10 11 f   1 1  2166  5    -1 -1  2166  7    -1 -1
50 15 11 11 F   1 1  2167  5    -1 -1  2167  7    -1 -1
